concord_type0 r2_type0
0.604 0.311
0.626 0.283
0.599 0.270
0.583 0.281
0.633 0.365
0.591 0.250
0.608 0.310
0.559 0.255
0.609 0.313
0.613 0.305
0.612 0.262
0.594 0.251
0.583 0.272
0.599 0.314
0.610 0.298
0.599 0.265
0.590 0.255
0.584 0.310
0.593 0.275
0.579 0.259
0.550 0.233
0.592 0.277
0.602 0.274
0.584 0.274
0.623 0.321
0.606 0.319
0.625 0.350
0.621 0.341
0.594 0.252
0.606 0.353
0.582 0.273
0.595 0.284
0.594 0.288
0.616 0.311
0.620 0.328
0.613 0.250
0.602 0.320
0.580 0.262
0.588 0.293
0.606 0.302
0.597 0.317
0.627 0.321
0.607 0.271
0.636 0.343
0.586 0.289
0.612 0.300
0.568 0.196
0.605 0.296
0.601 0.290
0.586 0.256
0.590 0.272
0.601 0.287
0.597 0.265
0.612 0.331
0.589 0.313
0.594 0.273
0.614 0.271
0.604 0.289
0.624 0.371
0.582 0.250
0.618 0.354
0.615 0.320
0.624 0.339
0.595 0.261
0.595 0.279
0.624 0.312
0.608 0.329
0.618 0.274
0.601 0.252
0.581 0.236
0.612 0.346
0.602 0.267
0.615 0.298
0.602 0.291
0.563 0.249
0.593 0.266
0.575 0.276
0.590 0.239
0.578 0.246
0.569 0.246
0.607 0.280
0.555 0.249
0.584 0.295
0.636 0.337
0.576 0.259
0.565 0.272
0.594 0.252
0.614 0.284
0.616 0.298
0.589 0.255
0.575 0.292
0.616 0.328
0.594 0.283
0.602 0.290
0.613 0.301
0.578 0.276
0.586 0.262
0.581 0.275
0.592 0.292
0.593 0.234
