Pos	MarkerRowID	TReC_b	TReC_Chisq	TReC_df	TReC_Pvalue	ASE_b	ASE_Chisq	ASE_df	ASE_Pvalue	Joint_b	Joint_Chisq	Joint_df	Joint_Pvalue	n_TReC	n_ASE	n_ASE_Het	trans_Chisq	trans_Pvalue	final_Pvalue
23519268	rs10138696:23988477:C:T	0.60831	9.156	1	0.00248	-0.10536	0.105	1	0.746	0.42171	5.75	2	0.0564	280	28	5	3.511	0.0609	0.0564
23603515	rs222699	-0.26519	5.299	1	0.0213	-0.11507	0.288	1	0.592	-0.23304	5.205	2	0.0741	280	28	12	0.381	0.537	0.0741
23621391	rs59899640:24090600:G:C	0.8004	8.888	1	0.00287	0.31015	1.236	1	0.266	0.59544	8.456	2	0.0146	280	28	6	1.668	0.197	0.0146
23646900	rs17184233	-0.37988	8.714	1	0.00316	-0.24362	0.972	1	0.324	-0.35034	9.453	2	0.00886	280	28	8	0.233	0.629	0.00886
23648319	rs11158273	0.30834	6.84	1	0.00891	0.082238	0.123	1	0.725	0.2664	6.219	2	0.0446	280	28	8	0.744	0.388	0.0446
23649035	rs10135781:24118244:G:A	0.29602	6.309	1	0.012	0.082238	0.123	1	0.725	0.25613	5.766	2	0.056	280	28	8	0.667	0.414	0.056
23650918	rs11850996	0.29602	6.309	1	0.012	0.082238	0.123	1	0.725	0.25613	5.766	2	0.056	280	28	8	0.667	0.414	0.056
23651146	rs11851068:24120355:C:T	0.29602	6.309	1	0.012	0.082238	0.123	1	0.725	0.25613	5.766	2	0.056	280	28	8	0.667	0.414	0.056
23652122	rs17095582:24121331:G:A	0.4914	25.282	1	4.95e-07	-0.25886	1.678	1	0.195	0.3846	16.429	2	0.000271	280	28	12	10.531	0.00117	4.95e-07
23652889	rs222619:24122098:C:T	-0.34868	13.309	1	0.000264	0.28768	1.577	1	0.209	-0.26504	8.417	2	0.0149	280	28	10	6.469	0.011	0.000264
23653487	rs114709074:24122696:T:C	1.1229	36.819	1	1.3e-09	-0.38566	3.066	1	0.0799	0.75878	15.319	2	0.000471	280	28	8	24.566	7.18e-07	1.3e-09
23656165	rs61555389:24125374:G:A	0.31163	6.998	1	0.00816	0.082238	0.123	1	0.725	0.26922	6.355	2	0.0417	280	28	8	0.766	0.381	0.0417
23678520	rs1015731	0.24085	7.394	1	0.00655	-0.33647	1.674	1	0.196	0.18551	4.707	2	0.095	280	28	9	4.361	0.0368	0.00655
23680837	rs7153462:24150046:G:T	0.24085	7.394	1	0.00655	-0.33647	1.674	1	0.196	0.18551	4.707	2	0.095	280	28	9	4.361	0.0368	0.00655
23713679	rs7147765:24182888:T:C	0.58434	7.491	1	0.0062	0.039221	0.02	1	0.889	0.39101	5.087	2	0.0786	280	28	7	2.424	0.12	0.0786
23719931	rs7156692:24189140:G:C	0.6671	13.628	1	0.000223	-0.057158	0.029	1	0.866	0.51464	10.123	2	0.00633	280	28	6	3.533	0.0601	0.00633
23723296	rs8006131:24192505:G:A	0.6662	14.059	1	0.000177	-0.057158	0.029	1	0.866	0.51863	10.535	2	0.00516	280	28	6	3.553	0.0594	0.00516
23726337	rs57411615:24195546:A:G	0.2927	9.767	1	0.00178	0.1092	0.327	1	0.567	0.25913	9.352	2	0.00932	280	28	14	0.742	0.389	0.00932
23726342	rs74613707:24195551:C:T	0.2927	9.767	1	0.00178	0.1092	0.327	1	0.567	0.25913	9.352	2	0.00932	280	28	14	0.742	0.389	0.00932
23726343	rs34240883:24195552:A:G	0.28273	9.108	1	0.00255	0.1092	0.327	1	0.567	0.25078	8.77	2	0.0125	280	28	14	0.665	0.415	0.0125
23726448	chr14:24195657:C:T	0.36762	11.404	1	0.000733	0.074108	0.148	1	0.7	0.30183	9.791	2	0.00748	280	28	12	1.761	0.184	0.00748
23730846	rs60939307:24200055:C:T	0.92873	15.551	1	8.03e-05	0.25783	0.643	1	0.423	0.71557	13.387	2	0.00124	280	28	5	2.807	0.0939	0.00124
23730879	rs7159172:24200088:G:A	0.27867	8.118	1	0.00438	-0.019418	0.01	1	0.922	0.22534	6.351	2	0.0418	280	28	14	1.776	0.183	0.0418
23746941	rs60725976:24216150:T:C	0.92873	15.551	1	8.03e-05	0.25783	0.643	1	0.423	0.71557	13.387	2	0.00124	280	28	5	2.807	0.0939	0.00124
23748424	rs61544906:24217633:G:A	0.92873	15.551	1	8.03e-05	0.25783	0.643	1	0.423	0.71557	13.387	2	0.00124	280	28	5	2.807	0.0939	0.00124
23777286	rs79569748:24246495:T:C	0.90584	10.395	1	0.00126	0.26469	1.32	1	0.251	0.55684	8.388	2	0.0151	280	28	7	3.326	0.0682	0.0151
23777295	rs75893753:24246504:G:T	0.90584	10.395	1	0.00126	0.26469	1.32	1	0.251	0.55684	8.388	2	0.0151	280	28	7	3.326	0.0682	0.0151
23777623	rs77703648:24246832:G:A	0.90584	10.395	1	0.00126	0.26469	1.32	1	0.251	0.55684	8.388	2	0.0151	280	28	7	3.326	0.0682	0.0151
23777707	rs77286090:24246916:G:A	0.90584	10.395	1	0.00126	0.26469	1.32	1	0.251	0.55684	8.388	2	0.0151	280	28	7	3.326	0.0682	0.0151
23777813	rs75978162:24247022:A:C	0.90584	10.395	1	0.00126	0.26469	1.32	1	0.251	0.55684	8.388	2	0.0151	280	28	7	3.326	0.0682	0.0151
23777818	rs78160787:24247027:G:A	0.90584	10.395	1	0.00126	0.26469	1.32	1	0.251	0.55684	8.388	2	0.0151	280	28	7	3.326	0.0682	0.0151
23778543	rs76062385:24247752:C:T	0.90584	10.395	1	0.00126	0.26469	1.32	1	0.251	0.55684	8.388	2	0.0151	280	28	7	3.326	0.0682	0.0151
23779487	rs189063173:24248696:G:A	0.90584	10.395	1	0.00126	0.26469	1.32	1	0.251	0.55684	8.388	2	0.0151	280	28	7	3.326	0.0682	0.0151
23779919	rs77795297:24249128:C:T	0.90584	10.395	1	0.00126	0.26469	1.32	1	0.251	0.55684	8.388	2	0.0151	280	28	7	3.326	0.0682	0.0151
23780096	rs74038828:24249305:T:C	0.5605	7.543	1	0.00602	0.18659	0.745	1	0.388	0.39176	6.665	2	0.0357	280	28	9	1.623	0.203	0.0357
23780097	rs74038829:24249306:T:C	0.5605	7.543	1	0.00602	0.18659	0.745	1	0.388	0.39176	6.665	2	0.0357	280	28	9	1.623	0.203	0.0357
23780111	rs74038830:24249320:C:T	0.5605	7.543	1	0.00602	0.18659	0.745	1	0.388	0.39176	6.665	2	0.0357	280	28	9	1.623	0.203	0.0357
23782627	rs116827160:24251836:A:G	0.9671	13.187	1	0.000282	0.26236	1.57	1	0.21	0.57171	10.107	2	0.00639	280	28	8	4.65	0.0311	0.000282
23782809	rs77746925:24252018:G:A	0.90584	10.395	1	0.00126	0.26469	1.32	1	0.251	0.55684	8.388	2	0.0151	280	28	7	3.326	0.0682	0.0151
23783275	rs79213163:24252484:C:A	0.99952	15.253	1	9.4e-05	0.26469	1.32	1	0.251	0.65371	11.79	2	0.00275	280	28	7	4.782	0.0288	9.4e-05
23783457	rs17097337:24252666:G:T	0.99952	15.253	1	9.4e-05	0.26469	1.32	1	0.251	0.65371	11.79	2	0.00275	280	28	7	4.782	0.0288	9.4e-05
23787275	rs76174565:24256484:A:G	0.99952	15.253	1	9.4e-05	0.26469	1.32	1	0.251	0.65371	11.79	2	0.00275	280	28	7	4.782	0.0288	9.4e-05
23787602	rs17097390	0.99952	15.253	1	9.4e-05	0.26469	1.32	1	0.251	0.65371	11.79	2	0.00275	280	28	7	4.782	0.0288	9.4e-05
23787652	rs114309890:24256861:A:G	0.99952	15.253	1	9.4e-05	0.26469	1.32	1	0.251	0.65371	11.79	2	0.00275	280	28	7	4.782	0.0288	9.4e-05
23787828	rs78824868:24257037:T:C	0.99952	15.253	1	9.4e-05	0.26469	1.32	1	0.251	0.65371	11.79	2	0.00275	280	28	7	4.782	0.0288	9.4e-05
23788868	rs148081787:24258077:C:T	0.99952	15.253	1	9.4e-05	0.26469	1.32	1	0.251	0.65371	11.79	2	0.00275	280	28	7	4.782	0.0288	9.4e-05
23791170	rs79847110:24260379:G:T	0.99952	15.253	1	9.4e-05	0.26469	1.32	1	0.251	0.65371	11.79	2	0.00275	280	28	7	4.782	0.0288	9.4e-05
23791868	rs75474173:24261077:A:G	0.99952	15.253	1	9.4e-05	0.26469	1.32	1	0.251	0.65371	11.79	2	0.00275	280	28	7	4.782	0.0288	9.4e-05
23792659	rs149138101:24261868:C:T	0.99952	15.253	1	9.4e-05	0.26469	1.32	1	0.251	0.65371	11.79	2	0.00275	280	28	7	4.782	0.0288	9.4e-05
23793606	rs75056696:24262815:T:C	0.99952	15.253	1	9.4e-05	0.26469	1.32	1	0.251	0.65371	11.79	2	0.00275	280	28	7	4.782	0.0288	9.4e-05
23794659	rs150587778:24263868:T:C	0.99952	15.253	1	9.4e-05	0.26469	1.32	1	0.251	0.65371	11.79	2	0.00275	280	28	7	4.782	0.0288	9.4e-05
23798492	rs77797647:24267701:G:T	0.99952	15.253	1	9.4e-05	0.26469	1.32	1	0.251	0.65371	11.79	2	0.00275	280	28	7	4.782	0.0288	9.4e-05
23799959	14:24269168:A:G	0.98639	12.979	1	0.000315	0.26469	1.32	1	0.251	0.61289	9.99	2	0.00677	280	28	7	4.309	0.0379	0.000315
23800783	rs76105444:24269992:C:T	0.99952	15.253	1	9.4e-05	0.26469	1.32	1	0.251	0.65371	11.79	2	0.00275	280	28	7	4.782	0.0288	9.4e-05
23801423	rs78255069:24270632:T:C	0.99952	15.253	1	9.4e-05	0.26469	1.32	1	0.251	0.65371	11.79	2	0.00275	280	28	7	4.782	0.0288	9.4e-05
23807869	rs143495807:24277078:G:A	0.99952	15.253	1	9.4e-05	0.26469	1.32	1	0.251	0.65371	11.79	2	0.00275	280	28	7	4.782	0.0288	9.4e-05
23808371	rs79908567:24277580:A:T	0.99952	15.253	1	9.4e-05	0.26469	1.32	1	0.251	0.65371	11.79	2	0.00275	280	28	7	4.782	0.0288	9.4e-05
23813613	rs144274224:24282822:G:C	0.99952	15.253	1	9.4e-05	0.26469	1.32	1	0.251	0.65371	11.79	2	0.00275	280	28	7	4.782	0.0288	9.4e-05
23813630	rs146011402:24282839:A:T	0.99952	15.253	1	9.4e-05	0.26469	1.32	1	0.251	0.65371	11.79	2	0.00275	280	28	7	4.782	0.0288	9.4e-05
23814116	rs17097711:24283325:T:C	0.99952	15.253	1	9.4e-05	0.26469	1.32	1	0.251	0.65371	11.79	2	0.00275	280	28	7	4.782	0.0288	9.4e-05
23817988	rs77774632:24287197:T:G	0.99952	15.253	1	9.4e-05	0.26469	1.32	1	0.251	0.65371	11.79	2	0.00275	280	28	7	4.782	0.0288	9.4e-05
23818754	rs75025265:24287963:C:G	0.99952	15.253	1	9.4e-05	0.26469	1.32	1	0.251	0.65371	11.79	2	0.00275	280	28	7	4.782	0.0288	9.4e-05
23824978	rs17097763:24294187:T:C	0.72216	9.698	1	0.00184	0.25423	1.395	1	0.238	0.48803	8.787	2	0.0124	280	28	9	2.306	0.129	0.0124
23825958	rs78283930:24295167:T:C	0.99952	15.253	1	9.4e-05	0.26469	1.32	1	0.251	0.65371	11.79	2	0.00275	280	28	7	4.782	0.0288	9.4e-05
23829533	rs74038894:24298742:C:T	0.72216	9.698	1	0.00184	0.25423	1.395	1	0.238	0.48803	8.787	2	0.0124	280	28	9	2.306	0.129	0.0124
23835514	rs144772150:24304723:C:T	0.83259	9.118	1	0.00253	0.26469	1.32	1	0.251	0.52492	7.765	2	0.0206	280	28	7	2.673	0.102	0.0206
