GeneRowID	MarkerRowID	TReC_b	TReC_Chisq	TReC_Pvalue	TreC_Conv	beta0	beta1	beta2	beta3	phi
1	1	0.3359	32.2695	0.0000000134	1	5.0490	0.0983	-0.4584	0.1371	0.0877
1	2	-0.0117	0.0324	0.8570454661	1	5.1381	0.1111	-0.4565	0.1033	0.0982
1	3	0.0016	0.0005	0.9813785624	1	5.1359	0.1114	-0.4576	0.1032	0.0982
1	4	-0.0622	0.9118	0.3396423668	1	5.1496	0.1120	-0.4568	0.0998	0.0979
1	5	-0.0182	0.0757	0.7832617221	1	5.1398	0.1108	-0.4574	0.1047	0.0982
1	6	-0.0286	0.1904	0.6625695255	1	5.1437	0.1094	-0.4573	0.1018	0.0981
1	7	-0.0797	1.4988	0.2208506693	1	5.1526	0.1193	-0.4599	0.0986	0.0977
1	8	-0.0038	0.0032	0.9548426318	1	5.1371	0.1115	-0.4580	0.1031	0.0982
1	9	-0.0558	0.6853	0.4077772944	1	5.1479	0.1209	-0.4595	0.0945	0.0980
1	10	0.0872	1.6750	0.1955857807	1	5.1154	0.1128	-0.4616	0.1081	0.0976
1	11	0.1367	5.1200	0.0236513341	1	5.1036	0.1185	-0.4646	0.1065	0.0964
1	12	0.1192	3.1697	0.0750168296	1	5.1039	0.1198	-0.4519	0.1061	0.0971
1	13	0.0890	1.9047	0.1675522043	1	5.1218	0.1144	-0.4661	0.1012	0.0975
1	14	-0.0588	0.8321	0.3616546255	1	5.1523	0.1089	-0.4628	0.1018	0.0979
1	15	-0.0404	0.3453	0.5568005623	1	5.1418	0.1151	-0.4566	0.1041	0.0981
1	16	-0.2209	11.0417	0.0008908586	1	5.1884	0.0863	-0.4392	0.0888	0.0945
1	17	0.0086	0.0174	0.8950153476	0	5.1349	0.1112	-0.4580	0.1031	0.0982
1	18	-0.0792	1.2783	0.2582084033	1	5.1533	0.1070	-0.4610	0.1068	0.0977
1	19	-0.0697	1.1784	0.2776831052	1	5.1488	0.1154	-0.4541	0.1003	0.0978
1	20	0.0591	0.8381	0.3599502239	1	5.1275	0.1070	-0.4580	0.1002	0.0979
1	21	-0.0398	0.3263	0.5678660927	1	5.1489	0.1070	-0.4595	0.1014	0.0981
1	22	-0.0152	0.0459	0.8304198510	1	5.1372	0.1137	-0.4575	0.1037	0.0982
1	23	0.0615	0.8714	0.3505590135	1	5.1249	0.1095	-0.4561	0.1023	0.0979
1	24	-0.0751	1.3189	0.2507863019	1	5.1568	0.1119	-0.4641	0.0992	0.0977
1	25	0.0729	1.3475	0.2457238852	1	5.1224	0.1095	-0.4579	0.0989	0.0977
1	26	-0.1336	3.2663	0.0707150908	1	5.1579	0.1137	-0.4455	0.0924	0.0971
1	27	0.0322	0.2392	0.6247712761	1	5.1298	0.1134	-0.4599	0.1056	0.0981
1	28	0.0125	0.0361	0.8492126975	1	5.1342	0.1097	-0.4567	0.1030	0.0982
1	29	-0.2106	7.9187	0.0048926182	1	5.1957	0.1055	-0.4711	0.0808	0.0955
1	30	0.0488	0.5775	0.4472801928	1	5.1276	0.1108	-0.4601	0.1019	0.0980
2	41	0.1275	4.3134	0.0378143399	1	5.1008	0.1157	-0.4570	0.1145	0.0967
2	42	0.0346	0.2891	0.5907759900	1	5.1288	0.1106	-0.4605	0.1087	0.0981
2	43	0.0173	0.0675	0.7950114295	1	5.1324	0.1128	-0.4587	0.1034	0.0982
2	44	0.2167	10.1551	0.0014390517	1	5.0817	0.1084	-0.4528	0.1234	0.0948
2	45	-0.0153	0.0493	0.8243695908	1	5.1389	0.1112	-0.4577	0.1038	0.0982
2	46	-0.1788	6.7108	0.0095829272	1	5.1646	0.1005	-0.4618	0.1239	0.0959
2	47	0.0915	1.7134	0.1905432835	1	5.1190	0.1096	-0.4533	0.1009	0.0976
2	48	0.1490	5.0662	0.0243963840	1	5.1053	0.1060	-0.4668	0.1190	0.0965
2	49	0.0150	0.0499	0.8231513559	1	5.1327	0.1124	-0.4567	0.1023	0.0982
2	50	-0.1434	4.3037	0.0380287164	1	5.1650	0.1173	-0.4617	0.0944	0.0967
2	51	-0.0558	0.7392	0.3899220664	1	5.1534	0.1110	-0.4604	0.0966	0.0979
2	52	0.0764	1.3606	0.2434315656	1	5.1136	0.1174	-0.4491	0.1021	0.0977
2	53	-0.0778	1.3133	0.2517908246	1	5.1542	0.1067	-0.4623	0.1066	0.0977
2	54	0.0007	0.0001	0.9916882374	1	5.1361	0.1113	-0.4576	0.1032	0.0982
2	55	0.0627	0.9877	0.3203030847	1	5.1224	0.1135	-0.4622	0.1048	0.0979
2	56	-0.1098	2.7747	0.0957650926	1	5.1547	0.1169	-0.4578	0.1026	0.0972
2	57	-0.0248	0.1347	0.7136055244	1	5.1402	0.1136	-0.4581	0.1033	0.0981
2	58	-0.0227	0.1061	0.7446812348	1	5.1417	0.1103	-0.4578	0.1013	0.0982
2	59	0.0064	0.0084	0.9270629782	1	5.1347	0.1119	-0.4577	0.1035	0.0982
2	60	0.0422	0.4161	0.5189134737	1	5.1286	0.1102	-0.4606	0.1069	0.0980
2	61	-0.0898	1.5529	0.2127046053	1	5.1532	0.1162	-0.4600	0.0974	0.0977
2	62	-0.0051	0.0053	0.9420606912	1	5.1370	0.1116	-0.4575	0.1029	0.0982
2	63	-0.0220	0.1074	0.7431329008	1	5.1393	0.1112	-0.4564	0.1038	0.0981
2	64	0.0165	0.0648	0.7990009205	1	5.1316	0.1099	-0.4547	0.1036	0.0982
2	65	-0.0062	0.0087	0.9256647024	1	5.1375	0.1114	-0.4577	0.1031	0.0982
2	66	-0.0368	0.3353	0.5625299389	1	5.1422	0.1129	-0.4572	0.1043	0.0981
2	67	-0.0600	0.8767	0.3491180847	1	5.1473	0.1117	-0.4564	0.1062	0.0979
2	68	0.0468	0.5242	0.4690682799	1	5.1250	0.1115	-0.4527	0.1009	0.0980
2	69	0.0214	0.1131	0.7366691218	1	5.1315	0.1107	-0.4572	0.1028	0.0981
2	70	0.0426	0.4087	0.5226227629	1	5.1287	0.1110	-0.4561	0.1008	0.0980
2	71	0.0584	0.6933	0.4050292390	1	5.1296	0.1136	-0.4600	0.0930	0.0979
2	72	-0.0167	0.0670	0.7957450296	0	5.1384	0.1114	-0.4561	0.1030	0.0982
2	73	0.0334	0.2332	0.6291281816	1	5.1324	0.1094	-0.4584	0.1010	0.0981
2	74	0.0327	0.2201	0.6389565960	1	5.1295	0.1088	-0.4580	0.1076	0.0981
2	75	-0.1365	3.8245	0.0505069585	1	5.1617	0.1158	-0.4477	0.0873	0.0969
2	76	-0.0682	1.1351	0.2866966005	1	5.1485	0.1162	-0.4589	0.1060	0.0978
2	77	0.0515	0.6518	0.4194528138	1	5.1247	0.1126	-0.4589	0.1034	0.0980
2	78	0.1307	3.7658	0.0523096651	1	5.1115	0.0985	-0.4504	0.1028	0.0969
2	79	0.0448	0.5061	0.4768368274	1	5.1265	0.1102	-0.4578	0.1032	0.0980
2	80	0.0608	0.7002	0.4027233284	1	5.1231	0.1156	-0.4581	0.1047	0.0980
2	81	0.0806	1.6831	0.1945079666	1	5.1109	0.1127	-0.4474	0.1080	0.0976
2	82	0.0835	1.6680	0.1965222555	1	5.1193	0.1097	-0.4584	0.1060	0.0976
2	83	-0.0012	0.0003	0.9859040015	1	5.1364	0.1113	-0.4576	0.1033	0.0982
2	84	0.0740	1.2581	0.2620136174	1	5.1180	0.1177	-0.4545	0.0992	0.0978
2	85	-0.0017	0.0007	0.9786703746	1	5.1368	0.1111	-0.4578	0.1032	0.0982
2	86	-0.0051	0.0054	0.9416873041	1	5.1368	0.1118	-0.4575	0.1032	0.0982
2	87	0.0195	0.0776	0.7806286738	1	5.1326	0.1126	-0.4581	0.1022	0.0982
2	88	-0.0150	0.0538	0.8166348831	1	5.1390	0.1111	-0.4566	0.1026	0.0982
2	89	0.0169	0.0684	0.7937246108	1	5.1319	0.1125	-0.4573	0.1029	0.0982
2	90	-0.0061	0.0103	0.9193128419	1	5.1382	0.1110	-0.4578	0.1025	0.0982
2	91	0.0312	0.2508	0.6165386084	1	5.1271	0.1118	-0.4548	0.1042	0.0981
2	92	-0.0195	0.0733	0.7866306231	1	5.1403	0.1110	-0.4594	0.1040	0.0982
2	93	0.0859	1.9660	0.1608759205	1	5.1119	0.1063	-0.4563	0.1163	0.0975
2	94	-0.0272	0.1736	0.6769287826	1	5.1415	0.1083	-0.4551	0.1058	0.0981
2	95	-0.0575	0.7111	0.3990760094	1	5.1531	0.1116	-0.4623	0.0976	0.0979
2	96	0.1306	3.9427	0.0470745294	1	5.1112	0.1043	-0.4518	0.1001	0.0968
2	97	0.0323	0.2534	0.6147062565	1	5.1293	0.1132	-0.4599	0.1033	0.0981
2	98	0.0108	0.0255	0.8730981690	1	5.1340	0.1111	-0.4574	0.1034	0.0982
2	99	0.0139	0.0416	0.8383143837	1	5.1344	0.1118	-0.4585	0.1018	0.0982
2	100	0.0327	0.2172	0.6411487721	1	5.1314	0.1110	-0.4587	0.1021	0.0981
