137007439 4 4 4 3 4 4 1 4 3 4 4 4 4 4 4 4 4 4 4 4 4 4 4 4 4 4 4 4 4 4 4 4 4 4 4 1 4 4 4 4 1 4 4 4 4 4 4 4 4 4 4 4 1 4 4 4 4 4 4 4 4 4 4 4 4 4 4 4 4 4 3 4 4 4 4 4 3 4 4 4 4 4 4 3 4 4 4 4 4 4 4 4 4 4 4 1 4 4 4 4 4 4 4 4 4 4 4 4 4 4 4 4 3 4 4 4 4 1 4 4 4 4 4 4 4 4 4 4 4 4 4 4 4 3 4 4 4 4 4 4 4 3 4 4 4 4 4 4 4 4 4 3 4 4 4 4 4 4 4 1 3 4 3 0 4 4 1 4 4 4 4 0 4 1 4 4 4 4 4 4 4 4 1 1 4 4 4 4 4 1 4 4 4 1 0 4 3 4 4 4 1 3 4 4 3 3 4 4 4 1 0 4 4 4 4 4 4 4 4 4 4 1 4 4 4 4 4 4 4 4 4 4 4 4 4 4 4 4 4 4 4 1 4 4 4 4 4 4 4 4 4 4 4 4 3 1 4 4 4 4 4 4 4 4 4 4 4 4 4 1 4 4 4 4 4 4 4 4 1 4
137007762 4 4 4 3 4 4 1 4 3 4 4 4 4 4 4 4 4 4 4 4 4 4 4 4 4 4 4 4 4 4 4 4 4 4 4 1 4 4 4 4 1 4 4 4 4 4 4 4 4 4 4 4 1 4 4 4 4 4 4 4 4 4 4 4 4 4 4 4 4 4 3 4 4 4 4 4 3 4 4 4 4 4 4 3 4 4 4 4 4 4 4 4 4 4 4 1 4 4 4 4 4 4 4 4 4 4 4 4 4 4 4 4 3 4 4 4 4 1 4 4 4 4 4 4 4 4 4 4 4 4 4 4 4 3 4 4 4 4 4 4 4 3 4 4 4 4 4 4 4 4 4 3 4 4 4 4 4 4 4 1 3 4 3 0 4 4 1 4 4 4 4 0 4 1 4 4 4 4 4 4 4 4 1 1 4 4 4 4 4 1 4 4 4 1 0 4 3 4 4 4 1 3 4 4 3 3 4 4 4 1 0 4 4 4 4 4 4 4 4 4 4 1 4 4 4 4 4 4 4 4 4 4 4 4 4 4 4 4 4 4 4 1 4 4 4 4 4 4 4 4 4 4 4 4 3 1 4 4 4 4 4 4 4 4 4 4 4 4 4 1 4 4 4 4 4 4 4 4 1 4
137015950 0 0 0 0 0 0 0 0 0 0 0 0 0 0 0 0 0 0 0 0 0 0 0 0 0 0 0 0 0 0 0 0 0 0 0 0 0 0 0 0 0 0 0 0 0 0 0 0 0 0 0 0 0 0 0 0 0 0 0 0 0 0 0 0 0 0 0 0 0 0 0 0 0 0 0 0 0 0 0 0 0 0 0 0 0 0 0 0 0 0 0 0 0 0 0 0 0 0 0 0 0 0 0 0 0 0 0 0 0 0 0 0 0 0 0 0 0 0 0 0 0 0 0 0 0 0 0 0 0 0 0 0 0 0 0 0 0 0 0 0 0 0 0 0 0 0 0 0 0 0 0 0 0 0 0 0 0 0 0 0 1 0 0 0 0 0 0 0 4 0 0 0 0 0 0 0 0 0 0 0 0 0 0 0 0 3 0 0 0 1 1 0 0 0 1 0 0 0 0 0 1 0 0 0 0 0 0 0 0 0 0 0 0 0 0 0 0 0 0 0 0 0 0 0 0 0 0 0 0 0 0 0 0 0 0 0 0 0 0 0 0 0 0 0 0 0 0 0 0 0 0 0 0 0 0 0 0 0 0 0 0 0 0 0 0 0 0 0 0 0 0 0 0 0 0 0 0 0 0 0
137016320 0 0 0 0 0 0 0 0 0 0 0 0 0 0 0 0 0 0 0 0 0 0 0 0 0 0 0 0 0 0 0 0 0 0 0 0 0 0 0 0 0 0 0 0 0 0 0 0 0 0 0 0 0 0 0 0 0 0 0 0 0 0 0 0 0 0 0 0 0 0 0 0 0 0 0 0 0 0 0 0 0 0 0 0 0 0 0 0 0 0 0 0 0 0 0 0 0 0 0 0 0 0 0 0 0 0 0 0 0 0 0 0 0 0 0 0 0 0 0 0 0 0 0 0 0 0 0 0 0 0 0 0 0 0 0 0 0 0 0 0 0 0 0 0 0 0 0 0 0 0 0 0 0 0 0 0 0 0 0 0 1 0 0 0 0 0 0 0 4 0 0 0 0 0 0 0 0 0 0 0 0 0 0 0 0 3 0 0 0 1 1 0 0 0 1 0 0 0 0 0 1 0 0 0 0 0 0 0 0 0 0 0 0 0 0 0 0 0 0 0 0 0 0 0 0 0 0 0 0 0 0 0 0 0 0 0 0 0 0 0 0 0 0 0 0 0 0 0 0 0 0 0 0 0 0 0 0 0 0 0 0 0 0 0 0 0 0 0 0 0 0 0 0 0 0 0 0 0 0 0
137020696 0 0 0 0 0 0 0 0 0 0 0 0 0 0 0 0 0 0 0 0 0 0 0 0 0 0 0 0 0 0 0 0 0 0 0 0 0 0 0 0 0 0 0 0 0 0 0 0 0 0 0 0 0 0 0 0 0 0 0 0 0 0 0 0 0 0 0 0 0 0 0 0 0 0 0 0 0 0 0 0 0 0 0 0 0 0 0 0 0 0 0 0 0 0 0 0 0 0 0 0 0 0 0 0 0 0 0 0 0 0 0 0 0 0 0 0 0 0 0 0 0 0 0 0 0 0 0 0 0 0 0 0 0 0 0 0 0 0 0 0 0 0 0 0 0 0 0 0 0 0 0 0 0 0 0 0 0 0 0 0 1 0 0 0 0 0 0 0 4 0 0 0 0 0 0 0 0 0 0 0 0 0 0 0 0 3 0 0 0 0 1 0 0 0 1 0 0 0 0 0 1 0 0 0 0 0 0 0 0 0 0 0 0 0 0 0 0 0 0 0 0 0 0 0 0 0 0 0 0 0 0 0 0 0 0 0 0 0 0 0 0 0 0 0 0 0 0 0 0 0 0 0 0 0 0 0 0 0 0 0 0 0 0 0 0 0 0 0 0 0 0 0 0 0 0 0 0 0 0 0
137022077 0 0 0 0 0 0 0 0 0 0 0 0 0 0 0 0 0 0 0 0 0 0 0 0 0 0 0 0 0 0 0 0 0 0 0 0 0 0 0 0 0 1 0 0 0 0 0 0 0 0 0 0 0 0 0 0 0 0 0 0 0 0 0 0 0 0 0 0 0 0 0 0 0 0 0 0 0 0 0 0 0 0 0 0 0 0 0 0 0 0 0 0 0 0 0 0 0 0 0 0 0 0 0 0 0 0 0 0 0 0 0 0 0 0 0 0 0 0 0 0 0 0 0 0 0 0 0 0 0 0 0 0 0 0 0 0 0 0 0 0 0 0 0 0 0 0 0 0 0 0 0 0 0 0 0 0 0 0 0 3 1 0 0 0 0 0 0 0 4 0 0 0 0 0 0 0 0 0 0 0 0 0 0 0 0 3 0 0 0 0 1 0 0 0 1 0 0 0 0 0 1 1 0 0 0 0 0 0 0 0 0 0 0 0 0 0 0 0 0 0 0 0 0 0 0 0 0 0 0 0 0 0 0 0 0 0 0 0 0 0 0 0 0 0 0 0 0 0 0 0 0 0 0 0 0 0 0 0 0 0 0 0 0 0 0 0 0 0 0 0 0 0 0 0 0 0 0 0 0 0
137025388 0 0 0 0 0 0 0 0 0 0 0 0 0 0 0 0 0 0 0 0 0 0 0 0 0 0 0 0 0 0 0 0 0 0 0 0 0 0 0 0 0 0 0 0 0 0 0 0 0 0 0 0 0 0 0 0 0 0 0 0 0 0 0 0 0 0 0 0 0 0 0 0 0 0 0 0 0 0 0 0 0 0 0 0 0 0 0 0 0 0 0 0 0 0 0 0 0 0 0 0 0 0 0 0 0 0 0 0 0 0 0 0 0 0 0 0 0 0 0 0 0 0 0 0 0 0 0 0 0 0 0 0 0 0 0 0 0 0 0 0 0 0 0 0 0 0 0 0 0 0 0 0 0 0 0 0 0 0 0 0 1 0 0 0 0 0 0 0 4 0 0 0 0 0 0 0 0 0 0 0 0 0 0 0 0 3 0 0 0 0 1 0 0 0 1 0 0 0 0 0 1 0 0 0 0 0 0 0 0 0 0 0 0 0 0 0 0 0 0 0 0 0 0 0 0 0 0 0 0 0 0 0 0 0 0 0 0 0 0 0 0 0 0 0 0 0 0 0 0 0 0 0 0 0 0 0 0 0 0 0 0 0 0 0 0 0 0 0 0 0 0 0 0 0 0 0 0 0 0 0
137032085 0 0 0 0 0 0 0 0 0 0 0 0 0 0 0 0 0 0 0 0 0 0 0 0 0 0 0 0 0 0 0 0 0 0 0 0 0 0 0 0 0 0 0 0 0 0 0 0 0 0 0 0 0 0 0 0 0 0 0 0 0 0 0 0 0 0 0 0 0 0 0 0 0 0 0 0 0 0 0 0 0 0 0 0 0 0 0 0 0 0 0 0 0 0 0 0 0 0 0 0 0 0 0 0 0 0 0 0 0 0 0 0 0 0 0 0 0 0 0 0 0 0 0 0 0 0 0 0 0 0 0 0 0 0 0 0 0 0 0 0 0 0 0 0 0 0 0 0 0 0 0 0 0 0 0 0 0 0 0 0 1 0 0 0 0 0 0 0 4 0 0 0 0 0 0 0 0 0 0 0 0 0 0 0 0 3 0 0 0 0 1 0 0 0 1 0 0 0 0 0 1 0 0 0 0 0 0 0 0 0 0 0 0 0 0 0 0 0 0 0 0 0 0 0 0 0 0 0 0 0 0 0 0 0 0 0 0 0 0 0 0 0 0 0 0 0 0 0 0 0 0 0 0 0 0 0 0 0 0 0 0 0 0 0 0 0 0 0 0 0 0 0 0 0 0 0 0 0 0 0
137032934 0 0 0 0 0 0 0 0 0 0 0 0 0 0 0 0 0 0 0 0 0 0 0 0 0 0 0 0 0 0 0 0 0 0 0 0 0 0 0 0 0 0 0 0 0 0 0 0 0 0 0 0 0 0 0 0 0 0 0 0 0 0 0 0 0 0 0 0 0 0 0 0 0 0 0 0 0 0 0 0 0 0 0 0 0 0 0 0 0 0 0 0 0 0 0 0 0 0 0 0 0 0 0 0 0 0 0 0 0 0 0 0 0 0 0 0 0 0 0 0 0 0 0 0 0 0 0 0 0 0 0 0 0 0 0 0 0 0 0 0 0 0 0 0 0 0 0 0 0 0 0 0 0 0 0 0 0 0 0 0 1 0 0 0 0 0 0 0 4 0 0 0 0 0 0 0 0 0 0 0 0 0 0 0 0 3 0 0 0 0 1 0 0 0 1 0 0 0 0 0 1 0 0 0 0 0 0 0 0 0 0 0 0 0 0 0 0 0 0 0 0 0 0 0 0 0 0 0 0 0 0 0 0 0 0 0 0 0 0 0 0 0 0 0 0 0 0 0 0 0 0 0 0 0 0 0 0 0 0 0 0 0 0 0 0 0 0 0 0 0 0 0 0 0 0 0 0 0 0 0
137033172 0 0 0 0 0 0 0 0 0 0 0 0 0 0 0 0 0 0 0 0 0 0 0 0 0 0 0 0 0 0 0 0 0 0 0 0 0 0 0 0 0 0 0 0 0 0 0 0 0 0 0 0 0 0 0 0 0 0 0 0 0 0 0 0 0 0 0 0 0 0 0 0 0 0 0 0 0 0 0 0 0 0 0 0 0 0 0 0 0 0 0 0 0 0 0 0 0 0 0 0 0 0 0 0 0 0 0 0 0 0 0 0 0 0 0 0 0 0 0 0 0 0 0 0 0 0 0 0 0 0 0 0 0 0 0 0 0 0 0 0 0 0 0 0 0 0 0 0 0 0 0 0 0 0 0 0 0 0 0 0 1 0 0 0 0 0 0 0 4 0 0 0 0 0 0 0 0 0 0 0 0 0 0 0 0 3 0 0 0 0 1 0 0 0 1 0 0 0 0 0 1 0 0 0 0 0 0 0 0 0 0 0 0 0 0 0 0 0 0 0 0 0 0 0 0 0 0 0 0 0 0 0 0 0 0 0 0 0 0 0 0 0 0 0 0 0 0 0 0 0 0 0 0 0 0 0 0 0 0 0 0 0 0 0 0 0 0 0 0 0 0 0 0 0 0 0 0 0 0 0
137044154 1 4 1 3 4 4 4 4 4 4 4 4 4 4 3 4 4 4 4 4 4 4 4 4 4 4 4 4 4 4 4 4 4 4 4 4 4 4 4 4 0 4 4 4 4 4 4 4 1 4 3 4 4 4 1 4 4 4 4 4 4 4 1 4 4 4 4 4 4 4 3 4 4 4 4 3 3 4 4 4 4 4 4 4 4 4 4 4 4 4 4 4 4 4 4 1 3 1 4 4 1 4 4 4 4 4 4 4 4 4 4 4 3 4 4 4 4 4 4 4 4 4 4 4 4 4 4 4 4 4 4 1 4 3 4 4 4 4 3 4 4 3 4 4 4 4 4 4 4 4 4 3 4 1 4 4 4 1 4 4 3 4 3 0 4 4 3 4 0 4 4 3 4 4 4 4 4 4 1 4 4 4 4 4 4 1 4 4 4 4 3 4 4 4 0 1 3 4 4 4 4 4 4 4 4 1 4 4 4 4 0 3 4 4 4 4 4 4 4 4 1 1 4 4 4 4 4 1 1 4 1 4 4 3 3 4 4 4 4 4 4 4 4 4 4 4 4 4 4 4 4 4 4 1 4 0 1 4 4 4 4 4 4 4 4 4 4 0 4 1 1 1 4 4 4 4 4 4 4 4
137044745 1 4 1 3 4 4 4 4 4 4 4 4 4 4 3 4 4 4 4 4 4 4 4 4 4 4 4 4 4 4 4 4 4 4 4 4 4 4 4 4 0 4 4 4 4 4 4 4 1 4 3 4 4 4 1 4 4 4 4 4 4 4 1 4 4 4 4 4 4 4 3 4 4 4 4 3 3 4 4 4 4 4 4 4 4 4 4 4 4 4 4 4 4 4 4 1 3 1 4 4 1 4 4 4 4 4 4 4 4 4 4 4 3 4 4 4 4 4 4 4 4 4 4 4 4 4 4 4 4 4 4 1 4 3 4 4 4 4 3 4 4 3 4 4 4 4 4 4 4 4 4 3 4 1 4 4 4 1 4 4 3 4 3 0 4 4 4 4 0 4 4 4 4 4 4 4 4 4 4 4 4 4 4 4 4 1 4 4 4 4 3 4 4 4 0 1 3 4 4 4 4 4 4 4 4 4 4 4 4 4 3 3 4 4 4 4 4 4 4 4 1 1 4 4 4 4 4 1 1 4 1 4 4 3 3 4 4 4 4 4 4 4 4 4 4 4 4 4 4 4 4 4 4 1 4 0 1 4 4 4 4 4 4 4 4 4 4 0 4 1 1 1 4 4 4 4 4 4 4 4
137045741 1 4 1 3 4 4 4 4 4 4 4 4 4 4 3 4 4 4 4 4 4 4 4 4 4 4 4 4 4 4 4 4 4 4 4 4 4 4 4 4 0 4 4 4 4 4 4 4 1 4 3 4 4 4 1 4 4 4 4 4 4 4 1 4 4 4 4 4 4 4 3 4 4 4 4 3 3 4 4 4 4 4 4 4 4 4 4 4 4 4 4 4 4 4 4 1 3 1 4 4 1 4 4 4 4 4 4 4 4 4 4 4 3 4 4 4 4 4 4 4 4 4 4 4 4 4 3 4 4 4 4 1 4 3 4 4 4 4 3 4 4 3 4 4 4 4 4 4 4 4 4 3 4 1 4 4 4 1 4 4 3 4 3 0 4 4 3 4 0 4 4 3 4 4 4 4 4 4 1 4 4 4 4 4 4 1 4 4 4 4 3 4 4 4 0 1 3 4 4 4 4 4 4 4 4 1 4 4 4 4 0 3 4 4 4 4 4 4 4 4 1 1 4 4 4 4 4 1 1 4 1 4 4 3 3 4 4 4 4 4 4 4 4 4 4 4 4 4 4 4 4 4 4 1 4 0 1 4 4 4 4 4 4 4 4 4 4 0 4 1 1 1 4 4 4 4 4 4 4 4
137049097 1 4 1 3 4 4 4 4 4 4 4 4 4 4 3 4 4 4 4 4 4 4 4 4 4 4 4 4 4 4 4 4 4 4 4 4 4 4 4 4 0 4 4 4 4 4 4 4 1 4 3 4 4 4 1 4 4 4 4 4 4 4 1 4 4 4 4 4 4 4 3 4 4 4 4 3 3 4 4 4 4 4 4 4 4 4 4 4 4 4 4 4 4 4 4 1 3 1 4 4 1 4 4 4 4 4 4 4 4 4 4 4 3 4 4 4 4 4 4 4 4 4 4 4 4 4 4 4 4 4 4 1 4 3 4 4 4 4 3 4 4 3 4 4 4 4 4 4 4 4 4 3 4 1 4 4 4 1 4 4 3 4 3 0 3 4 1 4 0 4 4 1 4 1 4 4 4 4 4 4 4 4 1 4 3 1 4 4 4 1 3 4 4 4 0 1 3 4 3 4 4 4 1 4 4 4 4 3 4 1 3 3 4 1 4 4 4 4 4 4 1 1 4 4 4 4 4 1 1 4 1 4 4 3 3 4 4 4 4 4 4 3 4 4 4 4 4 4 4 4 4 4 4 1 4 0 1 4 4 4 4 4 4 4 4 4 4 0 4 1 1 1 4 4 4 4 4 4 4 4
137050237 1 3 1 3 1 0 1 1 3 4 1 1 1 3 3 3 3 1 3 3 1 1 0 3 3 1 3 3 1 1 1 1 4 3 1 1 3 3 1 3 0 3 1 3 0 3 3 3 1 3 3 3 3 4 1 1 1 1 3 1 1 3 1 1 1 0 1 3 1 1 3 1 4 3 3 3 3 4 4 1 3 1 1 1 3 1 1 1 1 3 1 1 3 3 3 0 3 1 3 3 0 1 4 3 3 3 1 4 1 3 3 3 3 1 3 1 1 3 3 1 1 1 3 3 1 1 3 3 4 1 1 1 1 3 3 1 3 1 3 1 1 3 3 3 3 3 1 3 3 1 3 3 3 1 3 1 3 1 4 3 3 1 3 0 3 3 1 1 0 3 3 4 1 1 3 3 1 3 3 1 3 1 1 1 3 1 1 1 1 1 3 1 3 1 0 1 3 3 3 1 3 3 1 1 3 3 3 3 1 1 3 3 1 1 3 3 1 3 1 1 1 1 3 1 3 1 1 1 1 3 1 1 3 3 3 1 3 1 1 3 4 3 3 1 1 3 3 3 3 1 3 3 3 1 3 0 1 1 3 3 1 3 1 3 1 1 3 0 1 1 1 1 3 3 1 1 1 3 1 1
137052352 1 4 1 3 4 4 4 4 4 4 4 4 4 4 3 4 4 4 4 4 4 4 4 4 4 4 4 4 4 4 4 4 4 4 4 4 4 4 4 4 0 4 4 4 4 4 4 4 1 4 3 4 4 4 1 4 4 4 4 4 4 4 1 4 4 4 4 4 4 4 3 4 4 4 4 3 3 4 4 4 4 4 4 4 4 4 4 4 4 4 4 4 4 4 4 1 3 1 4 4 1 4 4 4 4 4 4 4 4 4 4 4 3 4 4 4 4 4 4 4 4 4 4 4 4 4 4 4 4 4 4 1 4 3 4 4 4 4 3 4 4 3 4 4 4 4 4 4 4 4 4 3 4 1 4 4 4 1 4 4 3 4 3 0 4 4 4 4 0 4 4 4 4 4 4 4 4 4 4 4 4 4 4 4 4 1 4 4 4 4 3 4 4 4 0 1 3 4 4 4 4 4 4 4 4 4 4 4 4 4 3 3 4 4 4 4 4 4 4 4 1 1 4 4 4 4 4 1 1 4 1 4 4 3 3 4 4 4 4 4 4 3 4 4 4 4 4 4 4 4 4 4 4 1 4 0 1 4 4 4 4 4 4 4 4 4 4 0 4 1 1 1 4 4 4 4 4 4 4 4
137052543 1 4 1 3 4 4 4 4 4 4 4 4 4 4 3 4 4 4 4 4 4 4 4 4 4 4 4 4 4 4 4 4 4 4 4 4 4 4 4 4 0 4 4 4 4 4 4 4 1 4 3 4 4 4 1 4 4 4 4 4 4 4 1 4 4 4 4 4 4 4 3 4 4 4 4 3 3 4 4 4 4 4 4 4 4 4 4 4 4 4 4 4 4 4 4 1 3 1 4 4 1 4 4 4 4 4 4 4 4 4 4 4 3 4 4 4 4 4 4 4 4 4 4 4 4 4 4 4 4 4 4 1 4 3 4 4 4 4 3 4 4 3 4 4 4 4 4 4 4 4 4 3 4 1 4 4 4 1 4 4 3 4 3 0 4 4 4 4 0 4 4 4 4 4 4 4 4 4 4 4 4 4 4 4 4 1 4 4 4 4 3 4 4 4 0 1 3 4 4 4 4 4 4 4 4 4 4 4 4 4 3 3 4 4 4 4 4 4 4 4 1 1 4 4 4 4 4 1 1 4 1 4 4 3 3 4 4 4 4 4 4 3 4 4 4 4 4 4 4 4 4 4 4 1 4 0 1 4 4 4 4 4 4 4 4 4 4 0 4 1 1 1 4 4 4 4 4 4 4 4
137054845 1 4 1 3 4 4 4 4 4 4 4 4 4 4 3 4 4 4 4 4 4 4 4 4 4 4 4 4 4 4 4 4 4 4 4 4 4 4 4 4 0 4 4 4 4 4 4 4 1 4 3 4 4 4 1 4 4 4 4 4 4 4 1 4 4 4 4 4 4 4 3 4 4 4 4 3 3 4 4 4 4 4 4 4 4 4 4 4 4 4 4 4 4 4 4 1 3 1 4 4 1 4 4 4 4 4 4 4 4 4 4 4 3 4 4 4 4 4 4 4 4 4 4 4 4 4 4 4 4 4 4 1 4 3 4 4 4 4 3 4 4 3 4 4 4 4 4 4 4 4 4 3 4 1 4 4 4 1 4 4 3 4 3 0 4 4 1 4 0 4 4 4 4 1 4 4 4 4 4 4 4 4 4 4 4 1 4 4 4 1 3 4 4 4 0 1 3 4 4 4 4 4 4 4 4 4 4 4 4 1 3 3 4 4 4 4 4 4 4 4 1 1 4 4 4 4 4 1 1 4 1 4 4 3 3 4 4 4 4 4 4 3 4 4 4 4 4 4 4 4 4 4 4 1 4 0 1 4 4 4 4 4 4 4 4 4 4 0 4 1 1 1 4 4 4 4 4 4 4 4
137054979 1 4 1 3 4 4 4 4 4 4 4 4 4 4 3 4 4 4 4 4 4 4 4 4 4 4 4 4 4 4 4 4 4 4 4 4 4 4 4 4 0 4 4 4 4 4 4 4 1 4 3 4 4 4 1 4 4 4 4 4 4 4 1 4 4 4 4 4 4 4 3 4 4 4 4 3 3 4 4 4 4 4 4 4 4 4 4 4 4 4 4 4 4 4 4 1 3 1 4 4 1 4 4 4 4 4 4 4 4 4 4 4 3 4 4 4 4 4 4 4 4 4 4 4 4 4 4 4 4 4 4 1 4 3 4 4 4 4 3 4 4 3 4 4 4 4 4 4 4 4 4 3 4 1 4 4 4 1 4 4 3 4 3 0 4 4 1 4 0 4 4 4 4 1 4 4 4 4 4 4 4 4 4 4 4 1 4 4 4 1 3 4 4 4 0 1 3 4 4 4 4 4 4 4 4 4 4 4 4 1 3 3 4 4 4 4 4 4 4 4 1 1 4 4 4 4 4 1 1 4 1 4 4 3 3 4 4 4 4 4 4 3 4 4 4 4 4 4 4 4 4 4 4 1 4 0 1 4 4 4 4 4 4 4 4 4 4 0 4 1 1 1 4 4 4 4 4 4 4 4
137059328 1 4 1 3 4 4 4 4 4 4 4 4 4 4 3 4 4 4 4 4 4 4 4 4 4 4 4 4 4 4 4 4 4 4 4 4 4 4 4 4 0 4 4 4 4 4 4 4 1 4 3 4 4 4 1 4 4 4 4 4 4 4 1 4 4 4 4 4 4 4 3 4 4 4 4 3 3 4 4 4 4 4 4 4 4 4 4 4 4 4 4 4 4 4 4 1 4 1 1 4 1 4 4 4 4 1 4 4 4 4 4 4 3 4 4 4 3 4 4 4 4 4 4 4 4 4 4 4 4 4 4 1 4 3 4 4 4 4 3 4 4 3 4 4 4 4 4 4 4 4 4 3 4 1 4 4 4 1 4 4 3 4 3 0 4 4 1 4 0 4 4 4 4 1 4 4 4 4 4 4 4 4 4 4 4 1 4 4 4 1 3 4 4 4 0 1 3 4 4 4 4 4 4 4 4 4 4 4 4 1 3 3 4 4 4 4 4 4 4 4 1 1 4 4 4 4 4 1 1 4 1 4 4 3 3 4 4 4 4 4 4 3 4 4 4 4 4 4 4 4 4 4 4 1 4 0 1 4 4 4 4 4 4 4 4 4 4 0 4 1 1 0 4 4 3 4 4 4 4 4
137059703 1 4 1 3 4 4 4 4 4 4 4 4 4 4 3 4 4 4 4 4 4 4 4 4 4 4 4 4 4 4 4 4 4 4 4 4 4 4 4 4 0 4 4 4 4 4 4 4 1 4 3 4 4 4 1 4 4 4 4 4 4 4 1 4 4 4 4 4 4 4 3 4 4 4 4 3 4 4 4 4 4 4 4 4 4 4 4 4 4 4 4 4 4 4 4 4 4 1 1 4 1 4 4 4 4 1 4 4 4 4 4 4 3 4 4 4 3 4 4 4 4 4 4 4 4 4 4 4 4 4 4 1 4 3 4 4 4 4 3 4 4 3 4 4 4 4 4 4 4 4 4 3 4 1 4 4 4 1 4 4 3 4 3 0 4 4 1 4 0 4 4 4 4 1 4 4 4 4 4 4 4 4 4 4 4 1 4 4 4 1 3 4 4 4 0 1 3 4 4 4 4 4 4 4 4 4 4 4 4 1 3 3 4 4 4 4 4 4 4 4 1 1 4 4 4 4 4 1 1 4 1 4 4 3 4 4 4 4 4 4 4 3 4 4 4 4 4 4 4 4 4 4 4 1 4 0 1 4 4 4 4 4 4 4 4 4 4 0 4 1 1 0 4 4 3 4 4 4 4 4
137065726 1 4 1 3 4 4 4 4 4 4 4 4 4 4 3 4 4 4 4 4 4 4 4 4 4 4 4 4 4 4 4 4 4 4 4 4 4 4 4 4 3 4 4 4 4 4 4 4 1 4 3 4 4 4 1 4 4 4 4 4 4 4 1 4 4 4 4 4 4 4 4 4 4 4 4 3 4 4 4 4 4 4 4 4 4 4 4 4 4 4 4 4 4 4 4 4 4 1 4 4 1 4 4 4 4 1 4 4 4 4 4 4 4 4 4 4 4 4 4 4 4 4 4 4 4 4 4 4 4 4 4 1 4 3 4 4 4 4 3 4 4 4 4 4 4 4 4 4 4 4 4 4 4 1 4 4 4 1 4 4 3 4 3 0 4 4 1 4 0 4 4 4 4 1 4 4 4 4 4 4 4 4 4 4 4 1 4 4 4 1 3 4 4 4 0 1 3 4 4 4 4 4 4 4 4 4 4 4 4 1 3 3 4 4 4 4 4 4 4 4 1 4 4 4 4 4 4 1 1 4 1 4 4 3 4 4 4 4 4 4 4 3 4 4 4 4 4 4 4 4 4 4 4 1 4 0 1 4 4 4 4 4 4 4 4 4 4 0 4 4 1 1 4 4 4 4 4 4 4 4
137075326 0 0 0 0 0 0 0 0 0 0 0 0 0 0 0 0 0 0 0 0 0 0 0 0 0 0 0 0 0 0 0 0 0 0 0 0 0 0 0 0 0 0 0 0 0 0 0 0 0 0 0 0 0 0 0 0 0 0 0 0 0 0 0 0 0 0 0 0 0 0 0 0 0 0 0 0 0 0 0 0 0 0 0 0 0 0 0 0 0 0 0 0 0 0 0 0 0 0 0 0 0 0 0 0 0 0 0 0 0 0 0 0 0 0 0 0 0 0 0 0 0 0 0 0 0 0 0 0 0 0 0 0 0 0 0 0 0 0 0 0 0 0 0 0 0 0 0 0 0 0 0 0 0 0 0 0 0 0 0 0 1 0 0 0 0 0 0 0 4 0 0 0 0 3 0 0 0 0 0 0 0 0 0 0 0 3 0 0 0 0 0 0 0 0 0 0 0 0 0 0 3 0 0 0 0 0 0 0 0 0 0 0 0 0 0 0 0 0 0 0 0 0 0 0 0 0 0 0 0 0 0 0 0 0 0 0 0 0 0 0 0 0 0 0 0 0 0 0 0 0 0 0 0 0 0 0 0 0 0 0 0 0 0 0 0 0 0 0 0 0 0 0 0 0 0 0 0 0 0 0
137096373 0 0 0 0 0 0 0 0 0 0 0 0 0 0 0 0 0 0 0 0 0 0 0 0 0 0 0 0 0 0 0 0 0 0 0 0 0 0 0 0 0 0 0 0 0 0 0 0 0 0 0 0 0 0 0 0 0 0 0 0 0 0 0 0 0 0 0 0 0 0 0 0 0 0 0 0 0 0 0 0 0 0 0 0 0 0 0 0 0 0 0 0 0 0 0 0 0 0 0 0 0 0 0 0 0 0 0 0 0 0 0 0 0 0 0 0 0 0 0 0 0 0 0 0 0 0 0 0 0 0 0 0 0 0 0 0 0 0 0 0 0 0 0 0 0 0 0 0 0 0 0 0 0 0 0 0 0 0 0 0 1 0 0 0 0 0 0 0 4 0 0 0 0 3 0 0 0 0 0 0 0 0 0 0 0 3 0 0 0 0 0 0 0 0 0 0 0 0 0 0 3 0 0 0 0 0 0 0 0 0 0 0 0 0 0 0 0 0 0 0 0 0 0 0 0 0 0 0 0 0 0 0 0 0 0 0 0 0 0 0 0 0 0 0 0 0 0 0 0 0 0 0 0 0 0 0 0 0 0 0 0 0 0 0 0 0 0 0 0 0 0 0 0 0 0 0 0 0 0 0
137106120 0 0 0 0 0 0 0 0 0 0 0 0 0 0 0 0 0 0 0 0 0 0 0 0 0 0 0 0 0 0 0 0 0 0 0 0 0 0 0 0 0 0 0 0 0 0 0 0 0 0 0 0 0 0 0 0 0 0 0 0 0 0 0 0 0 0 0 0 0 0 0 0 0 0 0 0 0 0 0 0 0 0 0 0 0 0 0 0 0 0 0 0 0 0 0 0 0 0 0 0 0 0 0 0 0 0 0 0 0 0 0 0 0 0 0 0 0 0 0 0 0 0 0 0 0 0 0 0 0 0 0 0 0 0 0 0 0 0 0 0 0 0 0 0 0 0 0 0 0 0 0 0 0 0 0 0 0 0 0 0 1 0 0 0 0 0 0 0 4 0 0 0 0 3 0 0 0 0 0 0 0 0 0 0 0 3 0 0 0 0 0 0 0 0 0 0 0 0 0 0 3 0 0 0 0 0 0 0 0 0 0 0 0 0 0 0 0 0 0 0 0 0 0 0 0 0 0 0 0 0 0 0 0 0 0 0 0 0 0 0 0 0 0 0 0 0 0 0 0 0 0 0 0 0 0 0 0 0 0 0 0 0 0 0 0 0 0 0 0 0 0 0 0 0 0 0 0 0 0 0
