Pos	MarkerRowID	TReC_b	TReC_Chisq	TReC_df	TReC_Pvalue	ASE_b	ASE_Chisq	ASE_df	ASE_Pvalue	Joint_b	Joint_Chisq	Joint_df	Joint_Pvalue	n_TReC	n_ASE	n_ASE_Het	trans_Chisq	trans_Pvalue	final_Pvalue
137007439	rs7036668	0.38527	7.511	1	0.00613	0.81577	11.509	1	0.000693	NA	NA	NA	NA	280	163	23	NA	NA	0.00613
137007762	chr9:139902214:A:G	0.38527	7.511	1	0.00613	0.81577	11.509	1	0.000693	NA	NA	NA	NA	280	163	23	NA	NA	0.00613
137015950	rs138137362:139910402:C:T	-1.6319	19.132	1	1.22e-05	NA	NA	NA	NA	NA	NA	NA	NA	280	163	1	NA	NA	1.22e-05
137016320	chr9:139910772:G:A	-1.6319	19.132	1	1.22e-05	NA	NA	NA	NA	NA	NA	NA	NA	280	163	1	NA	NA	1.22e-05
137020696	chr9:139915148:G:A	-1.5934	16.094	1	6.03e-05	NA	NA	NA	NA	NA	NA	NA	NA	280	163	1	NA	NA	6.03e-05
137022077	rs113863526:139916529:A:C	-1.0113	10.712	1	0.00106	NA	NA	NA	NA	NA	NA	NA	NA	280	163	3	NA	NA	0.00106
137025388	rs73564328:139919840:C:G	-1.5934	16.094	1	6.03e-05	NA	NA	NA	NA	NA	NA	NA	NA	280	163	1	NA	NA	6.03e-05
137032085	chr9:139926537:G:A	-1.5934	16.094	1	6.03e-05	NA	NA	NA	NA	NA	NA	NA	NA	280	163	1	NA	NA	6.03e-05
137032934	rs73564337:139927386:C:T	-1.5934	16.094	1	6.03e-05	NA	NA	NA	NA	NA	NA	NA	NA	280	163	1	NA	NA	6.03e-05
137033172	chr9:139927624:C:T	-1.5934	16.094	1	6.03e-05	NA	NA	NA	NA	NA	NA	NA	NA	280	163	1	NA	NA	6.03e-05
137044154	chr9:139938606:T:C	0.91326	50.421	1	1.24e-12	3.473	150.743	1	1.19e-34	NA	NA	NA	NA	280	163	27	NA	NA	1.24e-12
137044745	rs7388830:139939197:T:C	0.98775	54.623	1	1.46e-13	3.9302	145.463	1	1.7e-33	NA	NA	NA	NA	280	163	24	NA	NA	1.46e-13
137045741	rs2891950:139940193:C:G	0.81146	38.909	1	4.44e-10	3.1417	136.861	1	1.29e-31	NA	NA	NA	NA	280	163	28	NA	NA	4.44e-10
137049097	chr9:139943549:G:A	0.56344	20.681	1	5.43e-06	2.5886	114.472	1	1.03e-26	NA	NA	NA	NA	280	163	31	NA	NA	5.43e-06
137050237	rs7869777:139944689:T:C	0.56677	7.343	1	0.00673	0.43703	28.183	1	1.1e-07	NA	NA	NA	NA	280	163	152	NA	NA	0.00673
137052352	rs2271867:139946804:C:G	0.98072	54.699	1	1.41e-13	3.9771	152.992	1	3.85e-35	NA	NA	NA	NA	280	163	25	NA	NA	1.41e-13
137052543	rs7024097:139946995:T:G	0.98072	54.699	1	1.41e-13	3.9771	152.992	1	3.85e-35	NA	NA	NA	NA	280	163	25	NA	NA	1.41e-13
137054845	chr9:139949297:A:G	0.86109	44.487	1	2.56e-11	3.2176	129.187	1	6.17e-30	NA	NA	NA	NA	280	163	27	NA	NA	2.56e-11
137054979	rs3763661:139949431:A:G	0.86109	44.487	1	2.56e-11	3.2176	129.187	1	6.17e-30	NA	NA	NA	NA	280	163	27	NA	NA	2.56e-11
137059328	rs9314872:139953780:G:C	0.74322	36.555	1	1.48e-09	2.2224	83.543	1	6.23e-20	NA	NA	NA	NA	280	163	30	NA	NA	1.48e-09
137059703	chr9:139954155:T:C	0.7323	33.972	1	5.59e-09	2.0511	67.04	1	2.66e-16	NA	NA	NA	NA	280	163	28	NA	NA	5.59e-09
137065726	chr9:139960178:A:G	0.81941	34.368	1	4.56e-09	2.5485	74.624	1	5.69e-18	NA	NA	NA	NA	280	163	22	NA	NA	4.56e-09
137075326	rs73567887:139969778:C:T	-0.42282	1.297	1	0.255	NA	NA	NA	NA	NA	NA	NA	NA	280	163	2	NA	NA	0.255
137096373	chr9:139990825:C:T	-0.42282	1.297	1	0.255	NA	NA	NA	NA	NA	NA	NA	NA	280	163	2	NA	NA	0.255
137106120	rs73569532:140000572:C:T	-0.42282	1.297	1	0.255	NA	NA	NA	NA	NA	NA	NA	NA	280	163	2	NA	NA	0.255
