Pos	MarkerRowID	TReC_b	TReC_Chisq	TReC_Pvalue	TReC_beta0	TReC_beta1	TReC_beta2	TReC_beta3	TReC_beta4	TReC_phi	ASE_b	ASE_theta	ASE_Chisq	ASE_Pvalue	Joint_b	Joint_Chisq	Joint_Pvalue	Joint_beta0	Joint_beta1	Joint_beta2	Joint_beta3	Joint_beta4	Joint_phi	Joint_theta	Converge	CisTrans_Chisq	CisTrans_Pvalue	p.final
137007439	rs7036668	1.55	10.6	0.0011362	-16.9	2.83	2.12	1.8	-5.14	0.667	0.816	0.25	11.5	0.00069267	NA	NA	NA	NA	NA	NA	NA	NA	NA	NA	4	NA	NA	0.0011362
137007762	chr9:139902214:A:G	1.55	10.6	0.0011362	-16.9	2.83	2.12	1.8	-5.14	0.667	0.816	0.25	11.5	0.00069267	NA	NA	NA	NA	NA	NA	NA	NA	NA	NA	4	NA	NA	0.0011362
137015950	rs138137362:139910402:C:T	-33.4	21.4	3.749e-06	-15.5	2.84	1.82	1.8	-5.06	0.651	NA	NA	NA	NA	NA	NA	NA	NA	NA	NA	NA	NA	NA	NA	7	NA	NA	3.749e-06
137016320	chr9:139910772:G:A	-33.4	21.4	3.749e-06	-15.5	2.84	1.82	1.8	-5.06	0.651	NA	NA	NA	NA	NA	NA	NA	NA	NA	NA	NA	NA	NA	NA	7	NA	NA	3.749e-06
137020696	chr9:139915148:G:A	-33.4	19.8	8.7984e-06	-15.5	2.84	1.81	1.8	-5.07	0.654	NA	NA	NA	NA	NA	NA	NA	NA	NA	NA	NA	NA	NA	NA	7	NA	NA	8.7984e-06
137022077	rs113863526:139916529:A:C	-32.7	19.2	1.1496e-05	-15.8	2.88	1.9	1.96	-5.15	0.655	NA	NA	NA	NA	NA	NA	NA	NA	NA	NA	NA	NA	NA	NA	7	NA	NA	1.1496e-05
137025388	rs73564328:139919840:C:G	-33.4	19.8	8.7984e-06	-15.5	2.84	1.81	1.8	-5.07	0.654	NA	NA	NA	NA	NA	NA	NA	NA	NA	NA	NA	NA	NA	NA	7	NA	NA	8.7984e-06
137032085	chr9:139926537:G:A	-33.4	19.8	8.7984e-06	-15.5	2.84	1.81	1.8	-5.07	0.654	NA	NA	NA	NA	NA	NA	NA	NA	NA	NA	NA	NA	NA	NA	7	NA	NA	8.7984e-06
137032934	rs73564337:139927386:C:T	-33.4	19.8	8.7984e-06	-15.5	2.84	1.81	1.8	-5.07	0.654	NA	NA	NA	NA	NA	NA	NA	NA	NA	NA	NA	NA	NA	NA	7	NA	NA	8.7984e-06
137033172	chr9:139927624:C:T	-33.4	19.8	8.7984e-06	-15.5	2.84	1.81	1.8	-5.07	0.654	NA	NA	NA	NA	NA	NA	NA	NA	NA	NA	NA	NA	NA	NA	7	NA	NA	8.7984e-06
137044154	chr9:139938606:T:C	4.31	90.9	1.5157e-21	-20.2	2.91	2.32	1.49	-5.28	0.523	3.47	0.097	151	1.1926e-34	NA	NA	NA	NA	NA	NA	NA	NA	NA	NA	4	NA	NA	1.5157e-21
137044745	rs7388830:139939197:T:C	4.65	93.1	5.0177e-22	-20.1	2.84	2.09	1.84	-5.57	0.522	3.93	0.103	145	1.7014e-33	NA	NA	NA	NA	NA	NA	NA	NA	NA	NA	4	NA	NA	5.0177e-22
137045741	rs2891950:139940193:C:G	4.31	81.4	1.8533e-19	-20.5	2.94	2.77	1.6	-5.42	0.539	3.14	0.115	137	1.2932e-31	NA	NA	NA	NA	NA	NA	NA	NA	NA	NA	4	NA	NA	1.8533e-19
137049097	chr9:139943549:G:A	4.54	61.1	5.4264e-15	-18.2	2.61	2.1	1.17	-4.87	0.576	2.59	0.132	114	1.0271e-26	NA	NA	NA	NA	NA	NA	NA	NA	NA	NA	4	NA	NA	5.4264e-15
137050237	rs7869777:139944689:T:C	1.45	11.5	0.00067851	-16.9	2.89	1.85	2.43	-5.09	0.665	0.437	0.213	28.2	1.1037e-07	0.471	33.5	7.2395e-09	-15.8	2.84	1.84	2.06	-5.09	0.678	0.214	1	6.26	0.012343	0.00067851
137052352	rs2271867:139946804:C:G	4.64	93.4	4.3437e-22	-20	2.82	2.09	1.79	-5.52	0.521	3.98	0.0995	153	3.8456e-35	NA	NA	NA	NA	NA	NA	NA	NA	NA	NA	4	NA	NA	4.3437e-22
137052543	rs7024097:139946995:T:G	4.64	93.4	4.3437e-22	-20	2.82	2.09	1.79	-5.52	0.521	3.98	0.0995	153	3.8456e-35	NA	NA	NA	NA	NA	NA	NA	NA	NA	NA	4	NA	NA	4.3437e-22
137054845	chr9:139949297:A:G	4.64	86.7	1.2925e-20	-20.9	2.96	2.37	1.62	-5.33	0.533	3.22	0.125	129	6.1721e-30	NA	NA	NA	NA	NA	NA	NA	NA	NA	NA	4	NA	NA	1.2925e-20
137054979	rs3763661:139949431:A:G	4.64	86.7	1.2925e-20	-20.9	2.96	2.37	1.62	-5.33	0.533	3.22	0.125	129	6.1721e-30	NA	NA	NA	NA	NA	NA	NA	NA	NA	NA	4	NA	NA	1.2925e-20
137059328	rs9314872:139953780:G:C	3.07	57.3	3.8025e-14	-18.5	2.84	2.28	2.05	-5.26	0.577	2.22	0.177	83.5	6.235e-20	2.65	138	8.1047e-32	-18.1	2.84	2.28	2.01	-5.17	0.58	0.179	1	3.02	0.082139	3.8025e-14
137059703	chr9:139954155:T:C	3.05	54.6	1.4997e-13	-18.2	2.8	2.31	2	-5.21	0.582	2.05	0.196	67	2.6602e-16	2.56	118	2.2309e-27	-17.8	2.81	2.31	1.95	-5.11	0.585	0.199	1	4.11	0.042614	1.4997e-13
137065726	chr9:139960178:A:G	4.78	72	2.1411e-17	-21.1	2.96	2.21	1.52	-4.94	0.558	2.55	0.173	74.6	5.6946e-18	NA	NA	NA	NA	NA	NA	NA	NA	NA	NA	4	NA	NA	2.1411e-17
137075326	rs73567887:139969778:C:T	-32.7	10.3	0.0012976	-16.3	2.95	1.87	1.73	-4.99	0.673	NA	NA	NA	NA	NA	NA	NA	NA	NA	NA	NA	NA	NA	NA	7	NA	NA	0.0012976
137096373	chr9:139990825:C:T	-32.7	10.3	0.0012976	-16.3	2.95	1.87	1.73	-4.99	0.673	NA	NA	NA	NA	NA	NA	NA	NA	NA	NA	NA	NA	NA	NA	7	NA	NA	0.0012976
137106120	rs73569532:140000572:C:T	-32.7	10.3	0.0012976	-16.3	2.95	1.87	1.73	-4.99	0.673	NA	NA	NA	NA	NA	NA	NA	NA	NA	NA	NA	NA	NA	NA	7	NA	NA	0.0012976
