131660390 1 0 3 3 1 3 3 0 3 0 0 0 0 0 0 0 3 0 3 1 0 3 0 0 0 3 0 0 4 0 0 0 0 0 3 0 0 4 1 3 0 1 1 0 0 0 1 3 0 0 0 1 0 0 0 3 3 1 3 0 0 1 0 3 0 0 3 0 0 0 0 4 0 4 0 0 1 0 3 0 0 1 0 0 0 0 0 0 0 3 0 3 0 0 0 3 0 0 0 0 3 0 1 0 4 0 3 1 1 0 1 0 3 0 0 1 1 0 0 0 1 0 1 1 0 3 0 0 3 4 4 0 1 0 1 0 3 3 0 1 0 0 0 0 4 0 0 3 0 3 0 4 0 0 0 0 1 0 3 0 4 0 0 3 1 3 0 1 0 0 0 0 4 4 1 0 1 0 1 0 3 0 0 0 0 0 1 0 3 0 0 1 4 0 1 0 3 1 1 0 3 1 4 0 1 1 0 0 1 0 0 0 3 0 1 1 0 3 3 0 1 0 0 0 0 0 0 0 0 0 1 0 0 1 0 0 3 3 0 0 0 1 0 1 3 0 1 1 0 1 1 1 0 0 0 3 1 0 0 0 4 3 1 3 0 0 0 3 0 0 0 1 3 0 0 4 3 0 0 0
131661436 1 0 3 3 1 3 3 0 3 0 0 0 0 0 0 0 3 0 3 1 0 3 0 0 0 3 0 0 4 0 0 0 0 0 3 0 0 4 1 3 0 1 1 0 0 0 1 3 0 0 0 1 0 0 0 3 3 1 3 0 0 1 0 3 0 0 3 0 0 0 0 4 0 4 0 0 1 0 3 0 0 1 0 0 0 0 0 0 0 3 0 3 0 0 0 3 0 0 0 0 3 0 1 0 4 0 3 1 1 0 1 0 3 0 0 1 1 0 0 0 1 0 1 1 0 3 0 0 3 4 4 0 1 0 1 0 3 3 0 1 0 0 0 0 4 0 0 3 0 3 0 4 0 0 0 0 1 0 0 0 0 0 0 0 0 0 0 0 0 0 0 0 0 0 0 0 0 0 0 3 0 0 0 0 0 0 0 0 0 0 0 0 0 0 0 0 0 0 0 0 0 3 0 0 0 0 0 0 0 0 0 0 3 0 1 1 0 3 3 0 1 0 0 0 0 0 0 0 0 0 1 0 0 1 0 0 3 3 0 0 0 1 0 1 3 0 1 1 0 1 1 1 0 0 0 3 1 0 0 0 4 3 1 3 0 0 0 3 0 0 0 1 3 0 0 4 3 0 0 0
131662250 1 0 3 3 1 3 3 0 3 0 0 0 0 0 0 0 3 0 3 1 0 3 0 0 0 3 0 0 4 0 0 0 0 0 3 0 0 4 1 3 0 1 1 0 0 0 1 3 0 0 0 1 0 0 0 3 3 1 3 0 0 1 0 3 0 0 3 0 0 0 0 4 0 4 0 0 1 0 3 0 0 1 0 0 0 0 0 0 0 3 0 3 0 0 0 3 0 0 0 0 3 0 1 0 4 0 3 1 1 0 1 0 3 0 0 1 1 0 0 0 1 0 1 1 0 3 0 0 3 4 4 0 1 0 1 0 3 3 0 1 0 0 0 0 4 0 0 3 0 3 0 4 0 0 0 0 1 0 0 0 0 0 0 0 0 0 0 0 0 0 0 0 0 0 0 0 0 0 0 0 0 0 0 0 0 0 0 0 0 0 0 0 0 0 0 0 0 0 0 0 0 0 0 0 0 0 0 0 0 0 0 0 3 0 1 1 0 3 3 0 1 0 0 0 0 0 0 0 0 0 1 0 0 1 0 0 3 3 0 0 0 1 0 1 3 0 1 1 0 1 1 1 0 0 0 3 1 0 0 0 4 3 1 3 0 0 0 3 0 0 0 1 3 0 0 4 3 0 0 0
131664613 1 0 3 3 1 3 3 0 3 0 0 0 0 0 0 0 3 0 3 1 0 3 0 0 0 3 0 0 4 0 0 0 0 0 3 0 0 4 1 3 0 1 1 0 0 0 1 3 0 0 0 1 0 0 0 3 3 1 3 0 0 1 0 3 0 0 3 0 0 0 0 4 0 4 0 0 1 0 3 0 0 1 0 0 0 0 0 0 0 3 0 3 0 0 0 3 0 0 0 0 3 0 1 0 4 0 3 1 1 0 1 0 3 0 0 1 1 0 0 0 1 0 1 1 0 3 0 0 3 4 4 0 1 0 1 0 3 3 0 1 0 0 0 0 4 0 0 3 0 3 0 4 0 0 0 0 1 0 0 0 0 0 0 0 0 0 0 0 0 0 0 0 0 0 0 0 0 0 0 3 0 0 0 0 0 0 0 0 0 0 0 0 0 0 0 0 0 0 0 0 0 3 0 0 0 0 0 0 0 0 0 0 3 0 1 1 0 3 3 0 1 0 0 0 0 0 0 0 0 0 1 0 0 1 0 0 3 3 0 0 0 1 0 1 3 0 1 1 0 1 1 1 0 0 0 3 1 0 0 0 4 3 1 3 0 0 0 3 0 0 0 1 3 0 0 4 3 0 0 0
131666025 3 4 1 1 3 1 1 4 1 4 4 4 4 4 4 4 1 4 1 3 4 1 4 4 4 1 4 4 0 4 4 4 4 4 1 4 4 0 3 1 4 3 3 4 4 4 3 1 4 4 4 3 4 4 4 1 1 3 1 4 4 3 4 1 4 4 1 4 4 3 4 0 4 0 4 4 3 4 1 4 4 3 4 4 4 4 4 4 4 1 4 1 4 4 4 1 4 4 4 4 1 4 3 4 0 4 1 3 3 4 3 4 1 4 4 3 3 4 4 4 3 4 3 3 4 1 4 4 1 0 0 4 3 4 3 4 1 1 4 3 4 4 4 4 0 4 4 1 4 1 4 0 4 4 4 4 3 4 0 4 0 1 3 1 0 1 1 3 0 1 1 1 0 0 3 0 3 1 3 0 0 4 1 1 3 3 3 0 1 1 4 3 0 0 3 1 0 0 3 3 1 0 0 3 0 3 1 0 0 1 4 4 0 4 3 3 4 1 1 4 3 4 4 4 4 4 4 4 4 4 3 4 4 3 4 4 1 1 4 4 4 3 4 3 1 4 3 3 4 3 3 3 4 4 4 1 3 4 4 4 0 1 3 1 4 4 4 1 4 4 4 3 1 4 4 0 1 4 4 4
131666139 1 0 3 3 1 3 3 0 3 0 0 0 0 0 0 0 3 0 3 1 0 3 0 0 0 3 0 0 4 0 0 0 0 0 3 0 0 4 1 3 0 1 1 0 0 0 1 3 0 0 0 1 0 0 0 3 3 1 3 0 0 1 0 3 0 0 3 0 0 0 0 4 0 4 0 0 1 0 3 0 0 1 0 0 0 0 0 0 0 3 0 3 0 0 0 3 0 0 0 0 3 0 1 0 4 0 3 1 1 0 1 0 3 0 0 1 1 0 0 0 1 0 1 1 0 3 0 0 3 4 4 0 1 0 1 0 3 3 0 1 0 0 0 0 4 0 0 3 0 3 0 4 0 0 0 0 1 0 3 0 4 0 0 3 1 3 0 1 0 0 0 0 4 4 1 0 1 0 1 3 3 0 0 0 0 0 1 0 3 0 0 1 4 0 1 0 3 1 1 0 3 4 4 0 1 1 0 0 1 0 0 0 3 0 1 1 0 3 3 0 1 0 0 0 0 0 0 0 0 0 1 0 0 1 0 0 3 3 0 0 0 1 0 1 3 0 1 1 0 1 1 1 0 0 0 3 1 0 0 0 4 3 1 3 0 0 0 3 0 0 0 1 3 0 0 4 3 0 0 0
131667709 1 0 3 3 1 3 3 0 3 0 0 0 0 0 0 0 3 0 3 1 0 3 0 0 0 3 0 0 4 0 0 0 0 0 3 0 0 4 1 3 0 1 1 0 0 0 1 3 0 0 0 1 0 0 1 3 3 1 3 0 0 1 0 3 0 0 3 0 0 0 0 4 0 4 0 0 1 0 3 0 0 1 0 0 0 0 0 0 0 3 0 3 0 0 0 3 0 0 0 0 3 0 1 0 4 0 3 1 1 0 1 0 3 0 0 1 1 0 0 0 1 0 1 1 0 3 0 0 3 4 4 0 1 0 1 0 3 3 0 1 0 0 0 0 4 0 0 3 0 3 0 4 0 0 0 0 1 0 0 0 0 0 0 0 0 0 0 0 0 0 0 0 0 0 0 0 0 0 0 3 0 0 0 0 0 0 0 0 0 0 0 0 0 0 0 0 0 0 0 0 0 3 0 0 0 0 0 0 0 0 0 0 3 0 1 1 0 3 3 0 1 0 0 0 0 0 0 0 0 0 1 0 0 1 0 0 3 3 0 0 0 1 0 1 3 0 1 1 0 1 1 1 0 0 0 3 1 0 0 0 4 3 1 3 0 0 0 3 0 0 0 1 3 0 0 4 3 0 0 0
131669083 1 0 3 3 1 3 3 0 3 0 0 0 0 0 0 0 3 0 3 1 0 3 0 0 0 3 0 0 4 0 0 0 0 0 3 0 0 4 1 3 0 1 1 0 0 0 1 3 0 0 0 1 0 0 1 3 3 1 3 0 0 1 0 3 0 0 3 0 0 0 0 4 0 4 0 0 1 0 3 0 0 1 0 0 0 0 0 0 0 3 0 3 0 0 0 3 0 0 0 0 3 0 1 0 4 0 3 1 1 0 1 0 3 0 0 1 1 0 0 0 1 0 1 1 0 3 0 0 3 4 4 0 1 0 1 0 3 3 0 1 0 0 0 0 4 0 0 3 0 3 0 4 0 0 0 0 1 0 0 0 0 0 0 0 0 0 0 0 0 0 0 0 0 0 0 0 0 0 0 0 0 0 0 0 0 0 0 0 0 0 0 0 0 0 0 0 0 0 0 0 0 0 0 0 0 0 0 0 0 0 0 0 3 0 1 1 0 3 3 0 1 0 0 0 0 0 0 0 0 0 1 0 0 1 0 0 3 3 0 0 0 1 0 1 3 0 1 1 0 1 1 1 0 0 0 3 1 0 0 0 4 3 1 3 0 0 0 3 0 0 0 1 3 0 0 4 3 0 0 0
131671311 1 0 3 3 1 3 3 0 3 0 0 0 0 0 0 0 3 0 3 1 0 3 0 0 0 3 0 0 4 0 0 0 0 0 3 0 0 4 1 3 0 1 1 0 0 0 1 3 0 0 0 1 0 0 1 3 3 1 3 0 0 1 0 3 0 0 3 0 0 0 0 4 0 4 0 0 1 0 3 0 0 1 0 0 0 0 0 0 0 3 0 3 0 0 0 3 0 0 0 0 3 0 1 0 4 0 3 1 1 0 1 0 3 0 0 1 1 0 0 0 1 0 1 1 0 3 0 0 3 4 4 0 1 0 1 0 3 3 0 1 0 0 0 0 4 0 0 3 0 3 0 4 0 0 0 0 1 0 0 0 0 0 0 0 0 0 0 0 0 0 0 0 0 0 0 0 0 0 0 3 0 0 0 0 0 0 0 0 0 0 0 0 0 0 0 0 0 0 0 0 0 3 0 0 0 0 0 0 0 0 0 0 3 0 1 1 0 3 3 0 1 0 0 0 0 0 0 0 0 0 1 0 0 1 0 0 3 3 0 0 0 1 0 1 3 0 1 1 0 1 1 1 0 0 0 3 1 0 0 0 4 3 1 3 0 0 0 3 0 0 0 1 3 0 0 4 3 0 0 0
131673153 3 4 1 1 3 1 1 4 1 4 4 4 4 4 4 4 1 4 1 3 4 1 4 4 4 1 4 4 0 4 4 4 4 4 1 4 4 0 3 1 4 3 3 4 4 4 3 1 4 4 4 3 4 4 3 1 1 3 1 4 4 3 4 1 4 4 1 4 4 3 4 0 4 0 4 4 3 4 1 4 4 3 4 4 4 4 4 4 4 1 4 1 4 4 4 1 4 4 4 4 1 4 3 4 0 4 1 3 3 4 3 4 1 4 4 3 3 4 4 4 3 4 3 3 4 1 4 4 1 0 0 4 3 4 3 4 1 1 4 3 4 4 4 4 0 4 4 1 4 1 4 0 4 4 4 4 3 4 3 4 0 1 3 0 0 1 1 3 0 0 0 1 0 0 3 0 0 0 3 0 0 4 1 1 3 3 3 0 1 1 4 3 0 0 4 1 0 1 0 3 1 1 0 3 0 3 0 0 0 1 0 4 0 4 3 3 4 1 1 4 3 4 4 4 4 4 4 4 4 4 3 4 4 3 4 4 1 1 4 4 4 3 4 3 1 4 3 3 4 3 3 3 4 4 4 1 3 4 4 4 0 1 3 1 4 4 4 1 4 4 4 3 1 4 4 0 1 4 4 4
131674731 1 0 3 3 1 3 3 0 3 0 0 0 0 0 0 0 3 0 3 1 0 3 0 0 0 3 0 0 4 0 0 0 0 0 3 0 0 4 1 3 0 1 1 0 0 0 1 3 0 0 0 1 0 0 1 3 3 1 3 0 0 1 0 3 0 0 3 0 0 0 0 4 0 4 0 0 1 0 3 0 0 1 0 0 0 0 0 0 0 3 0 3 0 0 0 3 0 0 0 0 3 0 1 0 4 0 3 1 1 0 1 0 3 0 0 1 1 0 0 0 1 0 1 1 0 3 0 0 3 4 4 0 1 0 1 0 3 3 0 1 0 0 0 0 4 0 0 3 0 3 0 4 0 0 0 0 1 0 0 0 0 0 0 0 0 0 0 0 0 0 0 0 0 0 0 0 0 0 0 3 0 0 0 0 0 0 0 0 0 0 0 0 0 0 0 0 0 0 0 0 0 3 0 0 0 0 0 0 0 0 0 0 3 0 1 1 0 3 3 0 1 0 0 0 0 0 0 0 0 0 1 0 0 1 0 0 3 3 0 0 0 1 0 1 3 0 1 1 0 1 1 1 0 0 0 3 1 0 0 0 4 3 1 3 0 0 0 3 0 0 0 1 3 0 0 4 3 0 0 0
131675466 1 0 3 3 1 3 3 0 3 0 0 0 0 0 0 0 3 0 3 1 0 3 0 0 0 3 0 0 4 0 0 0 0 0 3 0 0 4 1 3 0 1 1 0 0 0 1 3 0 0 0 1 0 0 1 3 3 1 3 0 0 1 0 3 0 0 3 0 0 0 0 4 0 4 0 0 1 0 3 0 0 1 0 0 0 0 0 0 0 3 0 3 0 0 0 3 0 0 0 0 3 0 1 0 4 0 3 1 1 0 1 0 3 0 0 1 1 0 0 0 1 0 1 1 0 3 0 0 3 4 4 0 1 0 1 0 3 3 0 1 0 0 0 0 4 0 0 3 0 3 0 4 0 0 0 0 1 0 0 0 0 0 0 0 0 0 0 0 0 0 0 0 0 0 0 0 0 0 0 3 0 0 0 0 0 0 0 0 0 0 0 0 0 0 0 0 0 0 0 0 0 3 0 0 0 0 0 0 0 0 0 0 3 0 1 1 0 3 3 0 1 0 0 0 0 0 0 0 0 0 1 0 0 1 0 0 3 3 0 0 0 1 0 1 3 0 1 1 0 1 1 1 0 0 0 3 1 0 0 0 4 3 1 3 0 0 0 3 0 0 0 1 3 0 0 4 3 0 0 0
131675467 1 0 3 3 1 3 3 0 3 0 0 0 0 0 0 0 3 0 3 1 0 3 0 0 0 3 0 0 4 0 0 0 0 0 3 0 0 4 1 3 0 1 1 0 0 0 1 3 0 0 0 1 0 0 1 3 3 1 3 0 0 1 0 3 0 0 3 0 0 0 0 4 0 4 0 0 1 0 3 0 0 1 0 0 0 0 0 0 0 3 0 3 0 0 0 3 0 0 0 0 3 0 1 0 4 0 3 1 1 0 1 0 3 0 0 1 1 0 0 0 1 0 1 1 0 3 0 0 3 4 4 0 1 0 1 0 3 3 0 1 0 0 0 0 4 0 0 3 0 3 0 4 0 0 0 0 1 0 0 0 4 0 0 3 0 0 0 1 0 0 0 0 4 4 1 0 1 0 0 3 0 0 0 0 0 0 0 0 3 0 0 0 4 0 0 0 3 0 1 0 3 3 1 0 1 1 0 0 1 0 0 0 3 0 1 1 0 3 3 0 1 0 0 0 0 0 0 0 0 0 1 0 0 1 0 0 3 3 0 0 0 1 0 1 3 0 1 1 0 1 1 1 0 0 0 3 1 0 0 0 4 3 1 3 0 0 0 3 0 0 0 1 3 0 0 4 3 0 0 0
131675590 1 0 3 3 1 3 3 0 3 0 0 0 0 0 0 0 3 0 3 1 0 3 0 0 0 3 0 0 4 0 0 0 0 0 3 0 0 4 1 3 0 1 1 0 0 0 1 3 0 0 0 1 0 0 1 3 3 1 3 0 0 1 0 3 0 0 3 0 0 0 0 4 0 4 0 0 1 0 3 0 0 1 0 0 0 0 0 0 0 3 0 3 0 0 0 3 0 0 0 0 3 0 1 0 4 0 3 1 1 0 1 0 3 0 0 1 1 0 0 0 1 0 1 1 0 3 0 0 3 4 4 0 1 0 1 0 3 3 0 1 0 0 0 0 4 0 0 3 0 3 0 4 0 0 0 0 1 0 0 0 0 0 0 0 0 0 0 0 0 0 0 0 0 0 0 0 0 0 0 0 0 0 0 0 0 0 0 0 0 0 0 0 0 0 0 0 0 0 0 0 0 0 0 0 0 0 0 0 0 0 0 0 3 0 1 1 0 3 3 0 1 0 0 0 0 0 0 0 0 0 1 0 0 1 0 0 3 3 0 0 0 1 0 1 3 0 1 1 0 1 1 1 0 0 0 3 1 0 0 0 4 3 1 3 0 0 0 3 0 0 0 1 3 0 0 4 3 0 0 0
131676560 3 4 1 1 3 1 1 4 1 4 4 4 4 4 4 4 1 4 1 3 4 1 4 4 4 1 4 4 0 4 4 4 4 4 1 4 4 0 3 1 4 3 3 4 4 4 3 1 4 4 4 3 4 4 3 1 1 3 1 4 4 3 4 1 4 4 1 4 4 3 4 0 4 0 4 4 3 4 1 4 4 3 4 4 4 4 4 4 4 1 4 1 4 4 4 1 4 4 4 4 1 4 3 4 0 4 1 3 3 4 3 4 1 4 4 3 3 4 4 4 3 4 3 3 4 1 4 4 1 0 0 4 3 4 3 4 1 1 4 3 4 4 4 4 0 4 4 1 4 1 4 0 4 4 4 4 3 4 3 4 4 1 3 3 0 1 1 4 0 0 0 1 4 4 4 0 1 0 3 0 0 4 1 1 3 3 3 0 4 1 4 3 4 0 4 1 3 1 1 3 4 1 1 3 1 4 0 0 1 1 0 4 0 4 3 3 4 1 1 4 3 4 4 4 4 4 4 4 4 4 3 4 4 3 4 4 1 1 4 4 4 3 4 3 1 4 3 3 4 3 3 3 4 4 4 1 3 4 4 4 0 1 3 1 4 4 4 1 4 4 4 3 1 4 4 0 1 4 4 4
131677242 1 0 3 3 1 3 3 0 3 0 0 0 0 0 0 0 3 0 3 1 0 3 0 0 0 3 0 0 4 0 0 0 0 0 3 0 0 4 1 3 0 1 1 0 0 0 1 3 0 0 0 1 0 0 1 3 3 1 3 0 0 1 0 3 0 0 3 0 0 0 0 4 0 4 0 0 1 0 3 0 0 1 0 0 0 0 0 0 0 3 0 3 0 0 0 3 0 0 0 0 3 0 1 0 4 0 3 1 1 0 1 0 3 0 0 1 1 0 0 0 1 0 1 1 0 3 0 0 3 4 4 0 1 0 1 0 3 3 0 1 0 0 0 0 4 0 0 3 0 3 0 4 0 0 0 0 1 0 0 0 4 0 0 3 0 0 0 1 0 0 0 0 4 4 1 0 1 0 0 3 0 0 0 0 0 0 0 0 3 0 0 0 4 0 0 0 3 0 1 0 3 3 1 0 1 1 0 0 1 0 0 0 3 0 1 1 0 3 3 0 1 0 0 0 0 0 0 0 0 0 1 0 0 1 0 0 3 3 0 0 0 1 0 1 3 0 1 1 0 1 1 1 0 0 0 3 1 0 0 0 4 3 1 3 0 0 0 3 0 0 0 1 3 0 0 4 3 0 0 0
131680125 1 0 3 3 1 3 3 0 3 0 0 0 0 0 0 0 3 0 3 1 0 3 0 0 0 3 0 0 4 0 0 0 0 0 3 0 0 4 1 3 0 1 1 0 0 0 1 3 0 0 0 1 0 0 1 3 3 1 3 0 0 1 0 3 0 0 3 0 0 0 0 4 0 4 0 0 1 0 3 0 0 1 0 0 0 0 0 0 0 3 0 3 0 0 0 3 0 0 0 0 3 0 1 0 4 0 3 1 1 0 1 0 3 0 0 1 1 0 0 0 1 0 1 1 0 3 0 0 3 4 4 0 1 0 1 0 3 3 0 1 0 0 0 0 4 0 0 3 0 3 0 4 0 0 0 0 1 0 0 0 4 0 0 3 0 0 0 1 0 0 0 0 4 4 1 0 1 0 0 3 0 0 0 0 0 0 0 0 3 0 0 0 4 0 0 0 3 0 1 0 3 3 1 0 1 1 0 0 1 0 0 0 3 0 1 1 0 3 3 0 1 0 0 0 0 0 0 0 0 0 1 0 0 1 0 0 3 3 0 0 0 1 0 1 3 0 1 1 0 1 1 1 0 0 0 3 1 0 0 0 4 3 1 3 0 0 0 3 0 0 0 1 3 0 0 4 3 0 0 0
131680918 1 0 3 3 1 3 3 0 3 0 0 0 0 0 0 0 3 0 3 1 0 3 0 0 0 3 0 0 4 0 0 0 0 0 3 0 0 4 1 3 0 1 1 0 0 0 1 3 0 0 0 1 0 0 1 3 3 1 3 0 0 1 0 3 0 0 3 0 0 0 0 4 0 4 0 0 1 0 3 0 0 1 0 0 0 0 0 0 0 3 0 3 0 0 0 3 0 0 0 0 3 0 1 0 4 0 3 1 1 0 1 0 3 0 0 1 1 0 0 0 1 0 1 1 0 3 0 0 3 4 4 0 1 0 1 0 3 3 0 1 0 0 0 0 4 0 0 3 0 3 0 4 0 0 0 0 1 0 0 0 0 0 0 0 0 0 0 0 0 0 0 0 0 0 0 0 0 0 0 3 0 0 0 0 0 0 0 0 0 0 0 0 0 0 0 0 0 0 0 0 0 3 0 0 0 0 0 0 0 0 0 0 3 0 1 1 0 3 3 0 1 0 0 0 0 0 0 0 0 0 1 0 0 1 0 0 3 3 0 0 0 1 0 1 3 0 1 1 0 1 1 1 0 0 0 3 1 0 0 0 4 3 1 3 0 0 0 3 0 0 0 1 3 0 0 4 3 0 0 0
