Pos	MarkerRowID	TReC_b	TReC_Chisq	TReC_df	TReC_Pvalue	ASE_b	ASE_Chisq	ASE_df	ASE_Pvalue	Joint_b	Joint_Chisq	Joint_df	Joint_Pvalue	n_TReC	n_ASE	n_ASE_Het	trans_Chisq	trans_Pvalue	final_Pvalue
131660390	chr7:131345149:T:C	0.037476	0.22	1	0.639	-4.2623	88.507	1	5.07e-21	NA	NA	NA	NA	280	69	69	NA	NA	0.639
131661436	chr7:131346195:G:A	0.081588	0.971	1	0.324	-4.2623	88.507	1	5.07e-21	NA	NA	NA	NA	280	69	69	NA	NA	0.324
131662250	rs3885619:131347009:T:C	0.090728	1.187	1	0.276	-4.2623	88.507	1	5.07e-21	NA	NA	NA	NA	280	69	69	NA	NA	0.276
131664613	rs34042412:131349372:A:G	0.081588	0.971	1	0.324	-4.2623	88.507	1	5.07e-21	NA	NA	NA	NA	280	69	69	NA	NA	0.324
131666025	rs4521707:131350784:A:T	-0.078469	1.201	1	0.273	4.2477	87.122	1	1.02e-20	NA	NA	NA	NA	280	69	68	NA	NA	0.273
131666139	rs7784841:131350898:T:C	0.030093	0.142	1	0.706	-4.2623	88.507	1	5.07e-21	NA	NA	NA	NA	280	69	69	NA	NA	0.706
131667709	rs35187601:131352468:G:A	0.076207	0.85	1	0.357	-4.2623	88.507	1	5.07e-21	-0.16047	3.663	1	0.0556	280	69	69	85.694	2.1e-20	0.357
131669083	rs10447864:131353842:C:T	0.085221	1.051	1	0.305	-4.2623	88.507	1	5.07e-21	NA	NA	NA	NA	280	69	69	NA	NA	0.305
131671311	rs35194410:131356070:T:G	0.076207	0.85	1	0.357	-4.2623	88.507	1	5.07e-21	-0.16047	3.663	1	0.0556	280	69	69	85.694	2.1e-20	0.357
131673153	rs12537566:131357912:C:G	-0.033347	0.223	1	0.637	4.2477	87.122	1	1.02e-20	NA	NA	NA	NA	280	69	68	NA	NA	0.637
131674731	rs34674527:131359490:G:T	0.076207	0.85	1	0.357	-4.2623	88.507	1	5.07e-21	-0.16047	3.663	1	0.0556	280	69	69	85.694	2.1e-20	0.357
131675466	chr7:131360225:C:T	0.076207	0.85	1	0.357	-4.2623	88.507	1	5.07e-21	-0.16047	3.663	1	0.0556	280	69	69	85.694	2.1e-20	0.357
131675467	chr7:131360226:A:G	0.011403	0.021	1	0.886	-4.2623	88.507	1	5.07e-21	NA	NA	NA	NA	280	69	69	NA	NA	0.886
131675590	rs12706986:131360349:G:A	0.085221	1.051	1	0.305	-4.2623	88.507	1	5.07e-21	NA	NA	NA	NA	280	69	69	NA	NA	0.305
131676560	rs6957161:131361319:A:G	-0.084884	1.363	1	0.243	4.2477	87.122	1	1.02e-20	NA	NA	NA	NA	280	69	68	NA	NA	0.243
131677242	rs6965244:131362001:T:G	0.011403	0.021	1	0.886	-4.2623	88.507	1	5.07e-21	NA	NA	NA	NA	280	69	69	NA	NA	0.886
131680125	rs67592145:131364884:C:A	0.011403	0.021	1	0.886	-4.2623	88.507	1	5.07e-21	NA	NA	NA	NA	280	69	69	NA	NA	0.886
131680918	rs73163110:131365677:T:C	0.076207	0.85	1	0.357	-4.2623	88.507	1	5.07e-21	-0.16047	3.663	1	0.0556	280	69	69	85.694	2.1e-20	0.357
