Pos	MarkerRowID	TReC_b	TReC_Chisq	TReC_Pvalue	TReC_beta0	TReC_beta1	TReC_beta2	TReC_beta3	TReC_beta4	TReC_phi	ASE_b	ASE_theta	ASE_Chisq	ASE_Pvalue	Joint_b	Joint_Chisq	Joint_Pvalue	Joint_beta0	Joint_beta1	Joint_beta2	Joint_beta3	Joint_beta4	Joint_phi	Joint_theta	Converge	CisTrans_Chisq	CisTrans_Pvalue	p.final
131660390	chr7:131345149:T:C	0.0375	0.22	0.63886	-6.21	1.42	0.678	0.937	-1.49	0.134	-6.63	9.1e-06	96.8	7.5352e-23	-0.182	5.05	0.024581	-6.11	1.42	0.774	0.918	-1.31	0.138	88	1	92	8.6586e-22	0.024581
131661436	chr7:131346195:G:A	0.0816	0.971	0.32438	-6.2	1.42	0.675	0.883	-1.48	0.133	-6.63	9.1e-06	96.8	7.5352e-23	-0.156	3.46	0.063031	-6.17	1.42	0.735	1.03	-1.41	0.138	89.2	1	94.4	2.6433e-22	0.063031
131662250	rs3885619:131347009:T:C	0.0907	1.19	0.27598	-6.23	1.43	0.672	0.869	-1.49	0.133	-6.63	9.1e-06	96.8	7.5352e-23	-0.15	3.16	0.075486	-6.14	1.42	0.735	1.04	-1.41	0.138	89.5	1	94.9	2.041e-22	0.075486
131664613	rs34042412:131349372:A:G	0.0816	0.971	0.32438	-6.2	1.42	0.675	0.883	-1.48	0.133	-6.63	9.1e-06	96.8	7.5352e-23	-0.156	3.46	0.063031	-6.17	1.42	0.735	1.03	-1.41	0.138	89.2	1	94.4	2.6433e-22	0.063031
131666025	rs4521707:131350784:A:T	-0.0786	1.2	0.27304	-6.15	1.43	0.656	1.04	-1.53	0.133	4.99	1.93	92.2	7.8804e-22	0.0947	1.76	0.18417	-6.23	1.42	0.741	0.805	-1.38	0.136	92.3	1	91.6	1.047e-21	0.18417
131666139	rs7784841:131350898:T:C	0.0301	0.142	0.70621	-6.2	1.42	0.682	0.939	-1.49	0.134	-6.63	9.1e-06	96.8	7.5352e-23	-0.189	5.45	0.019531	-6.14	1.42	0.776	0.901	-1.3	0.138	87.7	1	91.5	1.1026e-21	0.019531
131667709	rs35187601:131352468:G:A	0.0762	0.85	0.35651	-6.21	1.42	0.677	0.887	-1.48	0.134	-6.63	9.1e-06	96.8	7.5352e-23	-0.16	3.66	0.055629	-6.16	1.42	0.736	1.03	-1.42	0.138	89	1	94	3.1203e-22	0.055629
131669083	rs10447864:131353842:C:T	0.0852	1.05	0.30532	-6.23	1.43	0.674	0.874	-1.48	0.133	-6.63	9.1e-06	96.8	7.5352e-23	-0.155	3.36	0.066827	-6.13	1.42	0.735	1.04	-1.41	0.138	89.3	1	94.5	2.4183e-22	0.066827
131671311	rs35194410:131356070:T:G	0.0762	0.85	0.35651	-6.21	1.42	0.677	0.887	-1.48	0.134	-6.63	9.1e-06	96.8	7.5352e-23	-0.16	3.66	0.055629	-6.16	1.42	0.736	1.03	-1.42	0.138	89	1	94	3.1203e-22	0.055629
131673153	rs12537566:131357912:C:G	-0.0335	0.223	0.63697	-6.17	1.42	0.678	0.985	-1.49	0.134	4.99	1.93	92.2	7.8804e-22	0.133	3.6	0.057825	-6.26	1.42	0.762	0.731	-1.34	0.137	90.4	1	88.8	4.3407e-21	0.057825
131674731	rs34674527:131359490:G:T	0.0762	0.85	0.35651	-6.21	1.42	0.677	0.887	-1.48	0.134	-6.63	9.1e-06	96.8	7.5352e-23	-0.16	3.66	0.055629	-6.16	1.42	0.736	1.03	-1.42	0.138	89	1	94	3.1203e-22	0.055629
131675466	chr7:131360225:C:T	0.0762	0.85	0.35651	-6.21	1.42	0.677	0.887	-1.48	0.134	-6.63	9.1e-06	96.8	7.5352e-23	-0.16	3.66	0.055629	-6.16	1.42	0.736	1.03	-1.42	0.138	89	1	94	3.1203e-22	0.055629
131675467	chr7:131360226:A:G	0.0114	0.0205	0.88605	-6.19	1.42	0.69	0.932	-1.47	0.134	-6.63	9.1e-06	96.8	7.5352e-23	-0.204	6.47	0.010996	-6.14	1.42	0.774	0.968	-1.34	0.138	86.9	1	90.4	1.956e-21	0.010996
131675590	rs12706986:131360349:G:A	0.0852	1.05	0.30532	-6.23	1.43	0.674	0.874	-1.48	0.133	-6.63	9.1e-06	96.8	7.5352e-23	-0.155	3.36	0.066827	-6.13	1.42	0.735	1.04	-1.41	0.138	89.3	1	94.5	2.4183e-22	0.066827
131676560	rs6957161:131361319:A:G	-0.085	1.36	0.24304	-6.14	1.42	0.664	1.03	-1.52	0.133	4.99	1.93	92.2	7.8804e-22	0.0948	1.7	0.19248	-6.25	1.42	0.728	0.83	-1.4	0.136	92.3	1	91.9	9.3369e-22	0.19248
131677242	rs6965244:131362001:T:G	0.0114	0.0205	0.88605	-6.19	1.42	0.69	0.932	-1.47	0.134	-6.63	9.1e-06	96.8	7.5352e-23	-0.204	6.47	0.010996	-6.14	1.42	0.774	0.968	-1.34	0.138	86.9	1	90.4	1.956e-21	0.010996
131680125	rs67592145:131364884:C:A	0.0114	0.0205	0.88605	-6.19	1.42	0.69	0.932	-1.47	0.134	-6.63	9.1e-06	96.8	7.5352e-23	-0.204	6.47	0.010996	-6.14	1.42	0.774	0.968	-1.34	0.138	86.9	1	90.4	1.956e-21	0.010996
131680918	rs73163110:131365677:T:C	0.0762	0.85	0.35651	-6.21	1.42	0.677	0.887	-1.48	0.134	-6.63	9.1e-06	96.8	7.5352e-23	-0.16	3.66	0.055629	-6.16	1.42	0.736	1.03	-1.42	0.138	89	1	94	3.1203e-22	0.055629
