Pos	MarkerRowID	TReC_b	TReC_Chisq	TReC_Pvalue	TReC_beta0	TReC_beta1	TReC_beta2	TReC_beta3	TReC_beta4	TReC_phi	ASE_b	ASE_theta	ASE_Chisq	ASE_Pvalue	Joint_b	Joint_Chisq	Joint_Pvalue	Joint_beta0	Joint_beta1	Joint_beta2	Joint_beta3	Joint_beta4	Joint_phi	Joint_theta	Converge	CisTrans_Chisq	CisTrans_Pvalue	p.final
23519268	rs10138696:23988477:C:T	0.608	9.16	0.0024792	-15.8	2.62	0.725	-0.176	0.0979	0.299	-0.105	5.65e-06	0.105	0.74554	0.422	5.75	0.01649	-15.6	2.59	0.723	-0.323	0.138	0.3	0.00482	1	3.51	0.060949	0.0024792
23603515	rs222699	-0.265	5.3	0.021338	-14.8	2.52	0.784	-0.14	0.123	0.303	-0.115	5.65e-06	0.288	0.59181	-0.233	5.21	0.022517	-14.9	2.52	0.777	-0.203	0.138	0.303	0.00136	1	0.381	0.53701	0.021338
23621391	rs59899640:24090600:G:C	0.8	8.89	0.0028699	-14.5	2.44	0.741	-0.232	0.0242	0.299	0.31	5.65e-06	1.24	0.26631	0.595	8.46	0.0036376	-14.7	2.47	0.737	-0.344	0.0824	0.3	0.00533	1	1.67	0.19657	0.0028699
23646900	rs17184233	-0.38	8.71	0.0031573	-15.1	2.54	0.844	-0.458	0.0536	0.299	-0.244	5.65e-06	0.972	0.32416	-0.35	9.45	0.0021078	-15.1	2.54	0.835	-0.474	0.0689	0.3	0.000909	1	0.233	0.62917	0.0031573
23648319	rs11158273	0.308	6.84	0.0089125	-15.5	2.57	0.904	-0.722	0.328	0.302	0.0822	5.65e-06	0.123	0.72546	0.266	6.22	0.012637	-15.4	2.57	0.88	-0.715	0.318	0.302	0.00267	1	0.744	0.38827	0.0089125
23649035	rs10135781:24118244:G:A	0.296	6.31	0.012014	-15.5	2.57	0.897	-0.714	0.323	0.302	0.0822	5.65e-06	0.123	0.72546	0.256	5.77	0.016343	-15.4	2.56	0.875	-0.709	0.314	0.302	0.00226	1	0.667	0.41426	0.012014
23650918	rs11850996	0.296	6.31	0.012014	-15.5	2.57	0.897	-0.714	0.323	0.302	0.0822	5.65e-06	0.123	0.72546	0.256	5.77	0.016343	-15.4	2.56	0.875	-0.709	0.314	0.302	0.00226	1	0.667	0.41426	0.012014
23651146	rs11851068:24120355:C:T	0.296	6.31	0.012014	-15.5	2.57	0.897	-0.714	0.323	0.302	0.0822	5.65e-06	0.123	0.72546	0.256	5.77	0.016343	-15.4	2.56	0.875	-0.709	0.314	0.302	0.00226	1	0.667	0.41426	0.012014
23652122	rs17095582:24121331:G:A	0.491	25.3	4.9524e-07	-15.2	2.53	0.975	-0.188	0.0675	0.281	-0.259	5.65e-06	1.68	0.19521	0.385	16.4	5.0501e-05	-15.2	2.53	0.922	-0.287	0.105	0.282	0.0357	1	10.5	0.0011739	5.0501e-05
23652889	rs222619:24122098:C:T	-0.349	13.3	0.0002641	-14.8	2.53	0.875	-0.165	0.0261	0.294	0.288	5.65e-06	1.58	0.20922	-0.265	8.42	0.0037173	-14.9	2.53	0.84	-0.281	0.0777	0.295	0.0142	1	6.47	0.010977	0.0002641
23653487	rs114709074:24122696:T:C	1.12	36.8	1.2963e-09	-14.5	2.44	0.666	0.609	-0.386	0.267	-0.386	5.65e-06	3.07	0.079934	0.759	15.3	9.0786e-05	-14.6	2.46	0.683	0.22	-0.201	0.273	0.0908	1	24.6	7.1812e-07	9.0786e-05
23656165	rs61555389:24125374:G:A	0.312	7	0.0081587	-15.5	2.57	0.904	-0.72	0.325	0.302	0.0822	5.65e-06	0.123	0.72546	0.269	6.36	0.011702	-15.4	2.56	0.88	-0.714	0.315	0.302	0.00278	1	0.766	0.38143	0.0081587
23678520	rs1015731	0.241	7.39	0.0065458	-14.6	2.45	0.661	-0.533	0.187	0.301	-0.336	5.65e-06	1.67	0.19568	0.186	4.71	0.030036	-14.7	2.47	0.677	-0.563	0.201	0.301	0.00945	1	4.36	0.036778	0.0065458
23680837	rs7153462:24150046:G:T	0.241	7.39	0.0065458	-14.6	2.45	0.661	-0.533	0.187	0.301	-0.336	5.65e-06	1.67	0.19568	0.186	4.71	0.030036	-14.7	2.47	0.677	-0.563	0.201	0.301	0.00945	1	4.36	0.036778	0.0065458
23713679	rs7147765:24182888:T:C	0.584	7.49	0.0062021	-14.8	2.49	0.626	-0.318	-0.0854	0.301	0.0392	5.65e-06	0.0196	0.88865	0.391	5.09	0.02411	-14.9	2.51	0.656	-0.432	0.0198	0.302	0.000878	1	2.42	0.11953	0.0062021
23719931	rs7156692:24189140:G:C	0.667	13.6	0.00022283	-14.6	2.46	0.584	-0.163	-0.202	0.294	-0.0572	5.65e-06	0.0286	0.86577	0.515	10.1	0.001464	-14.7	2.47	0.613	-0.268	-0.112	0.294	0.00579	1	3.53	0.060149	0.00022283
23723296	rs8006131:24192505:G:A	0.666	14.1	0.00017718	-14.7	2.47	0.59	-0.17	-0.208	0.293	-0.0572	5.65e-06	0.0286	0.86577	0.519	10.5	0.0011716	-14.8	2.48	0.617	-0.269	-0.119	0.294	0.00591	1	3.55	0.059446	0.00017718
23726337	rs57411615:24195546:A:G	0.293	9.77	0.0017772	-14.9	2.48	0.563	-0.616	0.178	0.298	0.109	5.65e-06	0.327	0.56717	0.259	9.35	0.0022278	-14.9	2.49	0.581	-0.621	0.184	0.298	0.0024	1	0.742	0.38893	0.0017772
23726342	rs74613707:24195551:C:T	0.293	9.77	0.0017772	-14.9	2.48	0.563	-0.616	0.178	0.298	0.109	5.65e-06	0.327	0.56717	0.259	9.35	0.0022278	-14.9	2.49	0.581	-0.621	0.184	0.298	0.0024	1	0.742	0.38893	0.0017772
23726343	rs34240883:24195552:A:G	0.283	9.11	0.0025453	-14.9	2.48	0.571	-0.61	0.176	0.299	0.109	5.65e-06	0.327	0.56717	0.251	8.77	0.0030614	-14.9	2.49	0.588	-0.616	0.183	0.299	0.00201	1	0.665	0.41491	0.0025453
23726448	chr14:24195657:C:T	0.368	11.4	0.00073281	-14.8	2.48	0.481	-0.481	0.229	0.296	0.0741	5.65e-06	0.148	0.70029	0.302	9.79	0.0017537	-14.9	2.49	0.525	-0.513	0.23	0.296	0.00408	1	1.76	0.18446	0.00073281
23730846	rs60939307:24200055:C:T	0.929	15.6	8.0314e-05	-14.6	2.46	0.546	-0.18	-0.209	0.292	0.258	5.65e-06	0.643	0.42271	0.716	13.4	0.00025337	-14.8	2.48	0.581	-0.283	-0.116	0.292	0.00392	1	2.81	0.093874	8.0314e-05
23730879	rs7159172:24200088:G:A	0.279	8.12	0.0043827	-14.4	2.43	0.864	-0.807	0.203	0.3	-0.0194	5.65e-06	0.0097	0.92153	0.225	6.35	0.011728	-14.6	2.45	0.836	-0.781	0.21	0.3	0.00863	1	1.78	0.18261	0.0043827
23746941	rs60725976:24216150:T:C	0.929	15.6	8.0314e-05	-14.6	2.46	0.546	-0.18	-0.209	0.292	0.258	5.65e-06	0.643	0.42271	0.716	13.4	0.00025337	-14.8	2.48	0.581	-0.283	-0.116	0.292	0.00392	1	2.81	0.093874	8.0314e-05
23748424	rs61544906:24217633:G:A	0.929	15.6	8.0314e-05	-14.6	2.46	0.546	-0.18	-0.209	0.292	0.258	5.65e-06	0.643	0.42271	0.716	13.4	0.00025337	-14.8	2.48	0.581	-0.283	-0.116	0.292	0.00392	1	2.81	0.093874	8.0314e-05
23777286	rs79569748:24246495:T:C	0.906	10.4	0.0012639	-14.5	2.44	0.802	-0.173	0.0275	0.297	0.265	5.65e-06	1.32	0.25067	0.557	8.39	0.003777	-14.8	2.48	0.773	-0.363	0.113	0.299	0.00509	1	3.33	0.068189	0.0012639
23777295	rs75893753:24246504:G:T	0.906	10.4	0.0012639	-14.5	2.44	0.802	-0.173	0.0275	0.297	0.265	5.65e-06	1.32	0.25067	0.557	8.39	0.003777	-14.8	2.48	0.773	-0.363	0.113	0.299	0.00509	1	3.33	0.068189	0.0012639
23777623	rs77703648:24246832:G:A	0.906	10.4	0.0012639	-14.5	2.44	0.802	-0.173	0.0275	0.297	0.265	5.65e-06	1.32	0.25067	0.557	8.39	0.003777	-14.8	2.48	0.773	-0.363	0.113	0.299	0.00509	1	3.33	0.068189	0.0012639
23777707	rs77286090:24246916:G:A	0.906	10.4	0.0012639	-14.5	2.44	0.802	-0.173	0.0275	0.297	0.265	5.65e-06	1.32	0.25067	0.557	8.39	0.003777	-14.8	2.48	0.773	-0.363	0.113	0.299	0.00509	1	3.33	0.068189	0.0012639
23777813	rs75978162:24247022:A:C	0.906	10.4	0.0012639	-14.5	2.44	0.802	-0.173	0.0275	0.297	0.265	5.65e-06	1.32	0.25067	0.557	8.39	0.003777	-14.8	2.48	0.773	-0.363	0.113	0.299	0.00509	1	3.33	0.068189	0.0012639
23777818	rs78160787:24247027:G:A	0.906	10.4	0.0012639	-14.5	2.44	0.802	-0.173	0.0275	0.297	0.265	5.65e-06	1.32	0.25067	0.557	8.39	0.003777	-14.8	2.48	0.773	-0.363	0.113	0.299	0.00509	1	3.33	0.068189	0.0012639
23778543	rs76062385:24247752:C:T	0.906	10.4	0.0012639	-14.5	2.44	0.802	-0.173	0.0275	0.297	0.265	5.65e-06	1.32	0.25067	0.557	8.39	0.003777	-14.8	2.48	0.773	-0.363	0.113	0.299	0.00509	1	3.33	0.068189	0.0012639
23779487	rs189063173:24248696:G:A	0.906	10.4	0.0012639	-14.5	2.44	0.802	-0.173	0.0275	0.297	0.265	5.65e-06	1.32	0.25067	0.557	8.39	0.003777	-14.8	2.48	0.773	-0.363	0.113	0.299	0.00509	1	3.33	0.068189	0.0012639
23779919	rs77795297:24249128:C:T	0.906	10.4	0.0012639	-14.5	2.44	0.802	-0.173	0.0275	0.297	0.265	5.65e-06	1.32	0.25067	0.557	8.39	0.003777	-14.8	2.48	0.773	-0.363	0.113	0.299	0.00509	1	3.33	0.068189	0.0012639
23780096	rs74038828:24249305:T:C	0.561	7.54	0.0060248	-15	2.51	0.777	-0.148	0.0545	0.3	0.187	5.65e-06	0.745	0.38799	0.392	6.67	0.0098319	-15.1	2.52	0.762	-0.304	0.111	0.301	0.000539	1	1.62	0.20268	0.0060248
23780097	rs74038829:24249306:T:C	0.561	7.54	0.0060248	-15	2.51	0.777	-0.148	0.0545	0.3	0.187	5.65e-06	0.745	0.38799	0.392	6.67	0.0098319	-15.1	2.52	0.762	-0.304	0.111	0.301	0.000539	1	1.62	0.20268	0.0060248
23780111	rs74038830:24249320:C:T	0.561	7.54	0.0060248	-15	2.51	0.777	-0.148	0.0545	0.3	0.187	5.65e-06	0.745	0.38799	0.392	6.67	0.0098319	-15.1	2.52	0.762	-0.304	0.111	0.301	0.000539	1	1.62	0.20268	0.0060248
23782627	rs116827160:24251836:A:G	0.967	13.2	0.00028193	-14.3	2.42	0.831	-0.0806	-0.0186	0.294	0.262	5.65e-06	1.57	0.21026	0.572	10.1	0.0014773	-14.6	2.46	0.789	-0.32	0.0911	0.297	0.0063	1	4.65	0.03106	0.00028193
23782809	rs77746925:24252018:G:A	0.906	10.4	0.0012639	-14.5	2.44	0.802	-0.173	0.0275	0.297	0.265	5.65e-06	1.32	0.25067	0.557	8.39	0.003777	-14.8	2.48	0.773	-0.363	0.113	0.299	0.00509	1	3.33	0.068189	0.0012639
23783275	rs79213163:24252484:C:A	1	15.3	9.4025e-05	-14.6	2.45	0.765	0.0339	-0.0977	0.292	0.265	5.65e-06	1.32	0.25067	0.654	11.8	0.00059538	-14.8	2.48	0.752	-0.207	0.0222	0.294	0.0109	1	4.78	0.028755	9.4025e-05
23783457	rs17097337:24252666:G:T	1	15.3	9.4025e-05	-14.6	2.45	0.765	0.0339	-0.0977	0.292	0.265	5.65e-06	1.32	0.25067	0.654	11.8	0.00059538	-14.8	2.48	0.752	-0.207	0.0222	0.294	0.0109	1	4.78	0.028755	9.4025e-05
23787275	rs76174565:24256484:A:G	1	15.3	9.4025e-05	-14.6	2.45	0.765	0.0339	-0.0977	0.292	0.265	5.65e-06	1.32	0.25067	0.654	11.8	0.00059538	-14.8	2.48	0.752	-0.207	0.0222	0.294	0.0109	1	4.78	0.028755	9.4025e-05
23787602	rs17097390	1	15.3	9.4025e-05	-14.6	2.45	0.765	0.0339	-0.0977	0.292	0.265	5.65e-06	1.32	0.25067	0.654	11.8	0.00059538	-14.8	2.48	0.752	-0.207	0.0222	0.294	0.0109	1	4.78	0.028755	9.4025e-05
23787652	rs114309890:24256861:A:G	1	15.3	9.4025e-05	-14.6	2.45	0.765	0.0339	-0.0977	0.292	0.265	5.65e-06	1.32	0.25067	0.654	11.8	0.00059538	-14.8	2.48	0.752	-0.207	0.0222	0.294	0.0109	1	4.78	0.028755	9.4025e-05
23787828	rs78824868:24257037:T:C	1	15.3	9.4025e-05	-14.6	2.45	0.765	0.0339	-0.0977	0.292	0.265	5.65e-06	1.32	0.25067	0.654	11.8	0.00059538	-14.8	2.48	0.752	-0.207	0.0222	0.294	0.0109	1	4.78	0.028755	9.4025e-05
23788868	rs148081787:24258077:C:T	1	15.3	9.4025e-05	-14.6	2.45	0.765	0.0339	-0.0977	0.292	0.265	5.65e-06	1.32	0.25067	0.654	11.8	0.00059538	-14.8	2.48	0.752	-0.207	0.0222	0.294	0.0109	1	4.78	0.028755	9.4025e-05
23791170	rs79847110:24260379:G:T	1	15.3	9.4025e-05	-14.6	2.45	0.765	0.0339	-0.0977	0.292	0.265	5.65e-06	1.32	0.25067	0.654	11.8	0.00059538	-14.8	2.48	0.752	-0.207	0.0222	0.294	0.0109	1	4.78	0.028755	9.4025e-05
23791868	rs75474173:24261077:A:G	1	15.3	9.4025e-05	-14.6	2.45	0.765	0.0339	-0.0977	0.292	0.265	5.65e-06	1.32	0.25067	0.654	11.8	0.00059538	-14.8	2.48	0.752	-0.207	0.0222	0.294	0.0109	1	4.78	0.028755	9.4025e-05
23792659	rs149138101:24261868:C:T	1	15.3	9.4025e-05	-14.6	2.45	0.765	0.0339	-0.0977	0.292	0.265	5.65e-06	1.32	0.25067	0.654	11.8	0.00059538	-14.8	2.48	0.752	-0.207	0.0222	0.294	0.0109	1	4.78	0.028755	9.4025e-05
23793606	rs75056696:24262815:T:C	1	15.3	9.4025e-05	-14.6	2.45	0.765	0.0339	-0.0977	0.292	0.265	5.65e-06	1.32	0.25067	0.654	11.8	0.00059538	-14.8	2.48	0.752	-0.207	0.0222	0.294	0.0109	1	4.78	0.028755	9.4025e-05
23794659	rs150587778:24263868:T:C	1	15.3	9.4025e-05	-14.6	2.45	0.765	0.0339	-0.0977	0.292	0.265	5.65e-06	1.32	0.25067	0.654	11.8	0.00059538	-14.8	2.48	0.752	-0.207	0.0222	0.294	0.0109	1	4.78	0.028755	9.4025e-05
23798492	rs77797647:24267701:G:T	1	15.3	9.4025e-05	-14.6	2.45	0.765	0.0339	-0.0977	0.292	0.265	5.65e-06	1.32	0.25067	0.654	11.8	0.00059538	-14.8	2.48	0.752	-0.207	0.0222	0.294	0.0109	1	4.78	0.028755	9.4025e-05
23799959	14:24269168:A:G	0.986	13	0.00031499	-14.3	2.42	0.879	-0.126	0.0111	0.294	0.265	5.65e-06	1.32	0.25067	0.613	9.99	0.0015739	-14.6	2.46	0.823	-0.329	0.101	0.297	0.00835	1	4.31	0.037921	0.00031499
23800783	rs76105444:24269992:C:T	1	15.3	9.4025e-05	-14.6	2.45	0.765	0.0339	-0.0977	0.292	0.265	5.65e-06	1.32	0.25067	0.654	11.8	0.00059538	-14.8	2.48	0.752	-0.207	0.0222	0.294	0.0109	1	4.78	0.028755	9.4025e-05
23801423	rs78255069:24270632:T:C	1	15.3	9.4025e-05	-14.6	2.45	0.765	0.0339	-0.0977	0.292	0.265	5.65e-06	1.32	0.25067	0.654	11.8	0.00059538	-14.8	2.48	0.752	-0.207	0.0222	0.294	0.0109	1	4.78	0.028755	9.4025e-05
23807869	rs143495807:24277078:G:A	1	15.3	9.4025e-05	-14.6	2.45	0.765	0.0339	-0.0977	0.292	0.265	5.65e-06	1.32	0.25067	0.654	11.8	0.00059538	-14.8	2.48	0.752	-0.207	0.0222	0.294	0.0109	1	4.78	0.028755	9.4025e-05
23808371	rs79908567:24277580:A:T	1	15.3	9.4025e-05	-14.6	2.45	0.765	0.0339	-0.0977	0.292	0.265	5.65e-06	1.32	0.25067	0.654	11.8	0.00059538	-14.8	2.48	0.752	-0.207	0.0222	0.294	0.0109	1	4.78	0.028755	9.4025e-05
23813613	rs144274224:24282822:G:C	1	15.3	9.4025e-05	-14.6	2.45	0.765	0.0339	-0.0977	0.292	0.265	5.65e-06	1.32	0.25067	0.654	11.8	0.00059538	-14.8	2.48	0.752	-0.207	0.0222	0.294	0.0109	1	4.78	0.028755	9.4025e-05
23813630	rs146011402:24282839:A:T	1	15.3	9.4025e-05	-14.6	2.45	0.765	0.0339	-0.0977	0.292	0.265	5.65e-06	1.32	0.25067	0.654	11.8	0.00059538	-14.8	2.48	0.752	-0.207	0.0222	0.294	0.0109	1	4.78	0.028755	9.4025e-05
23814116	rs17097711:24283325:T:C	1	15.3	9.4025e-05	-14.6	2.45	0.765	0.0339	-0.0977	0.292	0.265	5.65e-06	1.32	0.25067	0.654	11.8	0.00059538	-14.8	2.48	0.752	-0.207	0.0222	0.294	0.0109	1	4.78	0.028755	9.4025e-05
23817988	rs77774632:24287197:T:G	1	15.3	9.4025e-05	-14.6	2.45	0.765	0.0339	-0.0977	0.292	0.265	5.65e-06	1.32	0.25067	0.654	11.8	0.00059538	-14.8	2.48	0.752	-0.207	0.0222	0.294	0.0109	1	4.78	0.028755	9.4025e-05
23818754	rs75025265:24287963:C:G	1	15.3	9.4025e-05	-14.6	2.45	0.765	0.0339	-0.0977	0.292	0.265	5.65e-06	1.32	0.25067	0.654	11.8	0.00059538	-14.8	2.48	0.752	-0.207	0.0222	0.294	0.0109	1	4.78	0.028755	9.4025e-05
23824978	rs17097763:24294187:T:C	0.722	9.7	0.0018442	-14.7	2.47	0.738	-0.0731	-0.0595	0.298	0.254	5.65e-06	1.39	0.23765	0.488	8.79	0.0030337	-14.9	2.49	0.734	-0.268	0.0392	0.299	0.00161	1	2.31	0.12889	0.0018442
23825958	rs78283930:24295167:T:C	1	15.3	9.4025e-05	-14.6	2.45	0.765	0.0339	-0.0977	0.292	0.265	5.65e-06	1.32	0.25067	0.654	11.8	0.00059538	-14.8	2.48	0.752	-0.207	0.0222	0.294	0.0109	1	4.78	0.028755	9.4025e-05
23829533	rs74038894:24298742:C:T	0.722	9.7	0.0018442	-14.7	2.47	0.738	-0.0731	-0.0595	0.298	0.254	5.65e-06	1.39	0.23765	0.488	8.79	0.0030337	-14.9	2.49	0.734	-0.268	0.0392	0.299	0.00161	1	2.31	0.12889	0.0018442
23835514	rs144772150:24304723:C:T	0.833	9.12	0.0025304	-14.6	2.46	0.772	-0.21	0.0377	0.298	0.265	5.65e-06	1.32	0.25067	0.525	7.76	0.0053271	-14.8	2.49	0.756	-0.38	0.116	0.3	0.00335	1	2.67	0.10205	0.0025304
